SIMULATION : Neuron membrane potential over time 0.1

The time incrementation between each measure is : 0.1 ms
Total simulation time : 500.2 ms

Time (ms) 	 V (mV) 
0		0
0.1		0
0.2		0
0.3		0
0.4		0
0.5		0
0.6		0
0.7		0
0.8		0
0.9		0
1		0
1.1		0
1.2		0
1.3		0
1.4		0
1.5		0
1.6		0
1.7		0
1.8		0
1.9		0
2		0
2.1		0
2.2		0
2.3		0
2.4		0
2.5		0
2.6		0
2.7		0
2.8		0
2.9		0
3		0
3.1		0
3.2		0
3.3		0
3.4		0
3.5		0
3.6		0
3.7		0
3.8		0
3.9		0
4		0
4.1		0
4.2		0
4.3		0
4.4		0
4.5		0
4.6		0
4.7		0
4.8		0
4.9		0
5		0
5.1		0
5.2		0
5.3		0
5.4		0
5.5		0
5.6		0
5.7		0
5.8		0
5.9		0
6		0
6.1		0
6.2		0
6.3		0
6.4		0
6.5		0
6.6		0
6.7		0
6.8		0
6.9		0
7		0
7.1		0
7.2		0
7.3		0
7.4		0
7.5		0
7.6		0
7.7		0
7.8		0
7.9		0
8		0
8.1		0
8.2		0
8.3		0
8.4		0
8.5		0
8.6		0
8.7		0
8.8		0
8.9		0
9		0
9.1		0
9.2		0
9.3		0
9.4		0
9.5		0
9.6		0
9.7		0
9.8		0
9.9		0
10		0
10.1		0
10.2		0
10.3		0
10.4		0
10.5		0
10.6		0
10.7		0
10.8		0
10.9		0
11		0
11.1		0
11.2		0
11.3		0
11.4		0
11.5		0
11.6		0
11.7		0
11.8		0
11.9		0
12		0
12.1		0
12.2		0
12.3		0
12.4		0
12.5		0
12.6		0
12.7		0
12.8		0
12.9		0
13		0
13.1		0
13.2		0
13.3		0
13.4		0
13.5		0
13.6		0
13.7		0
13.8		0
13.9		0
14		0
14.1		0
14.2		0
14.3		0
14.4		0
14.5		0
14.6		0
14.7		0
14.8		0
14.9		0
15		0
15.1		0
15.2		0
15.3		0
15.4		0
15.5		0
15.6		0
15.7		0
15.8		0
15.9		0
16		0
16.1		0
16.2		0
16.3		0
16.4		0
16.5		0
16.6		0
16.7		0
16.8		0
16.9		0
17		0
17.1		0
17.2		0
17.3		0
17.4		0
17.5		0
17.6		0
17.7		0
17.8		0
17.9		0
18		0
18.1		0
18.2		0
18.3		0
18.4		0
18.5		0
18.6		0
18.7		0
18.8		0
18.9		0
19		0
19.1		0
19.2		0
19.3		0
19.4		0
19.5		0
19.6		0
19.7		0
19.8		0
19.9		0
20		0
20.1		0
20.2		0
20.3		0
20.4		0
20.5		0
20.6		0
20.7		0
20.8		0
20.9		0
21		0
21.1		0
21.2		0
21.3		0
21.4		0
21.5		0
21.6		0
21.7		0
21.8		0
21.9		0
22		0
22.1		0
22.2		0
22.3		0
22.4		0
22.5		0
22.6		0
22.7		0
22.8		0
22.9		0
23		0
23.1		0
23.2		0
23.3		0
23.4		0
23.5		0
23.6		0
23.7		0
23.8		0
23.9		0
24		0
24.1		0
24.2		0
24.3		0
24.4		0
24.5		0
24.6		0
24.7		0
24.8		0
24.9		0
25		0
25.1		0
25.2		0
25.3		0
25.4		0
25.5		0
25.6		0
25.7		0
25.8		0
25.9		0
26		0
26.1		0
26.2		0
26.3		0
26.4		0
26.5		0
26.6		0
26.7		0
26.8		0
26.9		0
27		0
27.1		0
27.2		0
27.3		0
27.4		0
27.5		0
27.6		0
27.7		0
27.8		0
27.9		0
28		0
28.1		0
28.2		0
28.3		0
28.4		0
28.5		0
28.6		0
28.7		0
28.8		0
28.9		0
29		0
29.1		0
29.2		0
29.3		0
29.4		0
29.5		0
29.6		0
29.7		0
29.8		0
29.9		0
30		0
30.1		0
30.2		0
30.3		0
30.4		0
30.5		0
30.6		0
30.7		0
30.8		0
30.9		0
31		0
31.1		0
31.2		0
31.3		0
31.4		0
31.5		0
31.6		0
31.7		0
31.8		0
31.9		0
32		0
32.1		0
32.2		0
32.3		0
32.4		0
32.5		0
32.6		0
32.7		0
32.8		0
32.9		0
33		0
33.1		0
33.2		0
33.3		0
33.4		0
33.5		0
33.6		0
33.7		0
33.8		0
33.9		0
34		0
34.1		0
34.2		0
34.3		0
34.4		0
34.5		0
34.6		0
34.7		0
34.8		0
34.9		0
35		0
35.1		0
35.2		0
35.3		0
35.4		0
35.5		0
35.6		0
35.7		0
35.8		0
35.9		0
36		0
36.1		0
36.2		0
36.3		0
36.4		0
36.5		0
36.6		0
36.7		0
36.8		0
36.9		0
37		0
37.1		0
37.2		0
37.3		0
37.4		0
37.5		0
37.6		0
37.7		0
37.8		0
37.9		0
38		0
38.1		0
38.2		0
38.3		0
38.4		0
38.5		0
38.6		0
38.7		0
38.8		0
38.9		0
39		0
39.1		0
39.2		0
39.3		0
39.4		0
39.5		0
39.6		0
39.7		0
39.8		0
39.9		0
40		0
40.1		0
40.2		0
40.3		0
40.4		0
40.5		0
40.6		0
40.7		0
40.8		0
40.9		0
41		0
41.1		0
41.2		0
41.3		0
41.4		0
41.5		0
41.6		0
41.7		0
41.8		0
41.9		0
42		0
42.1		0
42.2		0
42.3		0
42.4		0
42.5		0
42.6		0
42.7		0
42.8		0
42.9		0
43		0
43.1		0
43.2		0
43.3		0
43.4		0
43.5		0
43.6		0
43.7		0
43.8		0
43.9		0
44		0
44.1		0
44.2		0
44.3		0
44.4		0
44.5		0
44.6		0
44.7		0
44.8		0
44.9		0
45		0
45.1		0
45.2		0
45.3		0
45.4		0
45.5		0
45.6		0
45.7		0
45.8		0
45.9		0
46		0
46.1		0
46.2		0
46.3		0
46.4		0
46.5		0
46.6		0
46.7		0
46.8		0
46.9		0
47		0
47.1		0
47.2		0
47.3		0
47.4		0
47.5		0
47.6		0
47.7		0
47.8		0
47.9		0
48		0
48.1		0
48.2		0
48.3		0
48.4		0
48.5		0
48.6		0
48.7		0
48.8		0
48.9		0
49		0
49.1		0
49.2		0
49.3		0
49.4		0
49.5		0
49.6		0
49.7		0
49.8		0
49.9		0
50		0
50.1		0
50.2		0
50.3		0
50.4		0
50.5		0
50.6		0
50.7		0
50.8		0
50.9		0
51		0
51.1		0
51.2		0
51.3		0
51.4		0
51.5		0
51.6		0
51.7		0
51.8		0
51.9		0
52		0
52.1		0
52.2		0
52.3		0
52.4		0
52.5		0
52.6		0
52.7		0
52.8		0
52.9		0
53		0
53.1		0
53.2		0
53.3		0
53.4		0
53.5		0
53.6		0
53.7		0
53.8		0
53.9		0
54		0
54.1		0
54.2		0
54.3		0
54.4		0
54.5		0
54.6		0
54.7		0
54.8		0
54.9		0
55		0
55.1		0
55.2		0
55.3		0
55.4		0
55.5		0
55.6		0
55.7		0
55.8		0
55.9		0
56		0
56.1		0
56.2		0
56.3		0
56.4		0
56.5		0
56.6		0
56.7		0
56.8		0
56.9		0
57		0
57.1		0
57.2		0
57.3		0
57.4		0
57.5		0
57.6		0
57.7		0
57.8		0
57.9		0
58		0
58.1		0
58.2		0
58.3		0
58.4		0
58.5		0
58.6		0
58.7		0
58.8		0
58.9		0
59		0
59.1		0
59.2		0
59.3		0
59.4		0
59.5		0
59.6		0
59.7		0
59.8		0
59.9		0
60		0
60.1		0
60.2		0
60.3		0
60.4		0
60.5		0
60.6		0
60.7		0
60.8		0
60.9		0
61		0
61.1		0
61.2		0
61.3		0
61.4		0
61.5		0
61.6		0
61.7		0
61.8		0
61.9		0
62		0
62.1		0
62.2		0
62.3		0
62.4		0
62.5		0
62.6		0
62.7		0
62.8		0
62.9		0
63		0
63.1		0
63.2		0
63.3		0
63.4		0
63.5		0
63.6		0
63.7		0
63.8		0
63.9		0
64		0
64.1		0
64.2		0
64.3		0
64.4		0
64.5		0
64.6		0
64.7		0
64.8		0
64.9		0
65		0
65.1		0
65.2		0
65.3		0
65.4		0
65.5		0
65.6		0
65.7		0
65.8		0
65.9		0
66		0
66.1		0
66.2		0
66.3		0
66.4		0
66.5		0
66.6		0
66.7		0
66.8		0
66.9		0
67		0
67.1		0
67.2		0
67.3		0
67.4		0
67.5		0
67.6		0
67.7		0
67.8		0
67.9		0
68		0
68.1		0
68.2		0
68.3		0
68.4		0
68.5		0
68.6		0
68.7		0
68.8		0
68.9		0
69		0
69.1		0
69.2		0
69.3		0
69.4		0
69.5		0
69.6		0
69.7		0
69.8		0
69.9		0
70		0
70.1		0
70.2		0
70.3		0
70.4		0
70.5		0
70.6		0
70.7		0
70.8		0
70.9		0
71		0
71.1		0
71.2		0
71.3		0
71.4		0
71.5		0
71.6		0
71.7		0
71.8		0
71.9		0
72		0
72.1		0
72.2		0
72.3		0
72.4		0
72.5		0
72.6		0
72.7		0
72.8		0
72.9		0
73		0
73.1		0
73.2		0
73.3		0
73.4		0
73.5		0
73.6		0
73.7		0
73.8		0
73.9		0
74		0
74.1		0
74.2		0
74.3		0
74.4		0
74.5		0
74.6		0
74.7		0
74.8		0
74.9		0
75		0
75.1		0
75.2		0
75.3		0
75.4		0
75.5		0
75.6		0
75.7		0
75.8		0
75.9		0
76		0
76.1		0
76.2		0
76.3		0
76.4		0
76.5		0
76.6		0
76.7		0
76.8		0
76.9		0
77		0
77.1		0
77.2		0
77.3		0
77.4		0
77.5		0
77.6		0
77.7		0
77.8		0
77.9		0
78		0
78.1		0
78.2		0
78.3		0
78.4		0
78.5		0
78.6		0
78.7		0
78.8		0
78.9		0
79		0
79.1		0
79.2		0
79.3		0
79.4		0
79.5		0
79.6		0
79.7		0
79.8		0
79.9		0
80		0
80.1		0
80.2		0
80.3		0
80.4		0
80.5		0
80.6		0
80.7		0
80.8		0
80.9		0
81		0
81.1		0
81.2		0
81.3		0
81.4		0
81.5		0
81.6		0
81.7		0
81.8		0
81.9		0
82		0
82.1		0
82.2		0
82.3		0
82.4		0
82.5		0
82.6		0
82.7		0
82.8		0
82.9		0
83		0
83.1		0
83.2		0
83.3		0
83.4		0
83.5		0
83.6		0
83.7		0
83.8		0
83.9		0
84		0
84.1		0
84.2		0
84.3		0
84.4		0
84.5		0
84.6		0
84.7		0
84.8		0
84.9		0
85		0
85.1		0
85.2		0
85.3		0
85.4		0
85.5		0
85.6		0
85.7		0
85.8		0
85.9		0
86		0
86.1		0
86.2		0
86.3		0
86.4		0
86.5		0
86.6		0
86.7		0
86.8		0
86.9		0
87		0
87.1		0
87.2		0
87.3		0
87.4		0
87.5		0
87.6		0
87.7		0
87.8		0
87.9		0
88		0
88.1		0
88.2		0
88.3		0
88.4		0
88.5		0
88.6		0
88.7		0
88.8		0
88.9		0
89		0
89.1		0
89.2		0
89.3		0
89.4		0
89.5		0
89.6		0
89.7		0
89.8		0
89.9		0
90		0
90.1		0
90.2		0
90.3		0
90.4		0
90.5		0
90.6		0
90.7		0
90.8		0
90.9		0
91		0
91.1		0
91.2		0
91.3		0
91.4		0
91.5		0
91.6		0
91.7		0
91.8		0
91.9		0
92		0
92.1		0
92.2		0
92.3		0
92.4		0
92.5		0
92.6		0
92.7		0
92.8		0
92.9		0
93		0
93.1		0
93.2		0
93.3		0
93.4		0
93.5		0
93.6		0
93.7		0
93.8		0
93.9		0
94		0
94.1		0
94.2		0
94.3		0
94.4		0
94.5		0
94.6		0
94.7		0
94.8		0
94.9		0
95		0
95.1		0
95.2		0
95.3		0
95.4		0
95.5		0
95.6		0
95.7		0
95.8		0
95.9		0
96		0
96.1		0
96.2		0
96.3		0
96.4		0
96.5		0
96.6		0
96.7		0
96.8		0
96.9		0
97		0
97.1		0
97.2		0
97.3		0
97.4		0
97.5		0
97.6		0
97.7		0
97.8		0
97.9		0
98		0
98.1		0
98.2		0
98.3		0
98.4		0
98.5		0
98.6		0
98.7		0
98.8		0
98.9		0
99		0
99.1		0
99.2		0
99.3		0
99.4		0
99.5		0
99.6		0
99.7		0
99.8		0
99.9		0
100		0
100.1		0.1197
100.2		0.238804
100.3		0.357313
100.4		0.475232
100.5		0.592562
100.6		0.709307
100.7		0.82547
100.8		0.941053
100.9		1.05606
101		1.17049
101.1		1.28436
101.2		1.39765
101.3		1.51038
101.4		1.62255
101.5		1.73416
101.6		1.84521
101.7		1.95571
101.8		2.06565
101.9		2.17505
102		2.2839
102.1		2.39221
102.2		2.49998
102.3		2.60721
102.4		2.71391
102.5		2.82007
102.6		2.92571
102.7		3.03082
102.8		3.1354
102.9		3.23946
103		3.34301
103.1		3.44604
103.2		3.54855
103.3		3.65055
103.4		3.75204
103.5		3.85303
103.6		3.95351
103.7		4.0535
103.8		4.15298
103.9		4.25197
104		4.35046
104.1		4.44846
104.2		4.54598
104.3		4.64301
104.4		4.73955
104.5		4.83561
104.6		4.93119
104.7		5.0263
104.8		5.12093
104.9		5.21509
105		5.30878
105.1		5.402
105.2		5.49476
105.3		5.58706
105.4		5.67889
105.5		5.77027
105.6		5.86119
105.7		5.95166
105.8		6.04167
105.9		6.13124
106		6.22036
106.1		6.30904
106.2		6.39727
106.3		6.48507
106.4		6.57242
106.5		6.65934
106.6		6.74583
106.7		6.83189
106.8		6.91751
106.9		7.00271
107		7.08749
107.1		7.17184
107.2		7.25577
107.3		7.33928
107.4		7.42238
107.5		7.50506
107.6		7.58733
107.7		7.66918
107.8		7.75064
107.9		7.83168
108		7.91232
108.1		7.99256
108.2		8.07239
108.3		8.15183
108.4		8.23088
108.5		8.30953
108.6		8.38778
108.7		8.46565
108.8		8.54313
108.9		8.62022
109		8.69692
109.1		8.77325
109.2		8.84919
109.3		8.92476
109.4		8.99995
109.5		9.07476
109.6		9.1492
109.7		9.22327
109.8		9.29697
109.9		9.3703
110		9.44326
110.1		9.51587
110.2		9.58811
110.3		9.65999
110.4		9.73151
110.5		9.80267
110.6		9.87348
110.7		9.94394
110.8		10.014
110.9		10.0838
111		10.1532
111.1		10.2223
111.2		10.291
111.3		10.3594
111.4		10.4274
111.5		10.4951
111.6		10.5624
111.7		10.6295
111.8		10.6961
111.9		10.7625
112		10.8285
112.1		10.8942
112.2		10.9596
112.3		11.0246
112.4		11.0893
112.5		11.1537
112.6		11.2178
112.7		11.2815
112.8		11.345
112.9		11.4081
113		11.4709
113.1		11.5334
113.2		11.5956
113.3		11.6574
113.4		11.719
113.5		11.7802
113.6		11.8412
113.7		11.9018
113.8		11.9622
113.9		12.0222
114		12.082
114.1		12.1414
114.2		12.2005
114.3		12.2594
114.4		12.3179
114.5		12.3762
114.6		12.4342
114.7		12.4919
114.8		12.5493
114.9		12.6064
115		12.6632
115.1		12.7197
115.2		12.776
115.3		12.832
115.4		12.8877
115.5		12.9431
115.6		12.9983
115.7		13.0531
115.8		13.1077
115.9		13.1621
116		13.2161
116.1		13.2699
116.2		13.3234
116.3		13.3767
116.4		13.4296
116.5		13.4824
116.6		13.5348
116.7		13.587
116.8		13.6389
116.9		13.6906
117		13.742
117.1		13.7932
117.2		13.8441
117.3		13.8948
117.4		13.9452
117.5		13.9953
117.6		14.0452
117.7		14.0949
117.8		14.1443
117.9		14.1934
118		14.2423
118.1		14.291
118.2		14.3394
118.3		14.3876
118.4		14.4355
118.5		14.4832
118.6		14.5307
118.7		14.5779
118.8		14.6249
118.9		14.6717
119		14.7182
119.1		14.7645
119.2		14.8106
119.3		14.8564
119.4		14.902
119.5		14.9474
119.6		14.9925
119.7		15.0375
119.8		15.0822
119.9		15.1266
120		15.1709
120.1		15.2149
120.2		15.2587
120.3		15.3023
120.4		15.3457
120.5		15.3889
120.6		15.4318
120.7		15.4746
120.8		15.5171
120.9		15.5594
121		15.6015
121.1		15.6434
121.2		15.6851
121.3		15.7265
121.4		15.7678
121.5		15.8089
121.6		15.8497
121.7		15.8904
121.8		15.9308
121.9		15.971
122		16.0111
122.1		16.0509
122.2		16.0906
122.3		16.13
122.4		16.1693
122.5		16.2083
122.6		16.2472
122.7		16.2859
122.8		16.3243
122.9		16.3626
123		16.4007
123.1		16.4386
123.2		16.4763
123.3		16.5139
123.4		16.5512
123.5		16.5883
123.6		16.6253
123.7		16.6621
123.8		16.6987
123.9		16.7351
124		16.7713
124.1		16.8074
124.2		16.8433
124.3		16.879
124.4		16.9145
124.5		16.9498
124.6		16.985
124.7		17.02
124.8		17.0548
124.9		17.0894
125		17.1239
125.1		17.1582
125.2		17.1923
125.3		17.2263
125.4		17.26
125.5		17.2937
125.6		17.3271
125.7		17.3604
125.8		17.3935
125.9		17.4265
126		17.4592
126.1		17.4919
126.2		17.5243
126.3		17.5566
126.4		17.5888
126.5		17.6207
126.6		17.6525
126.7		17.6842
126.8		17.7157
126.9		17.747
127		17.7782
127.1		17.8093
127.2		17.8401
127.3		17.8709
127.4		17.9014
127.5		17.9318
127.6		17.9621
127.7		17.9922
127.8		18.0222
127.9		18.052
128		18.0817
128.1		18.1112
128.2		18.1406
128.3		18.1698
128.4		18.1989
128.5		18.2278
128.6		18.2566
128.7		18.2852
128.8		18.3137
128.9		18.3421
129		18.3703
129.1		18.3984
129.2		18.4263
129.3		18.4541
129.4		18.4818
129.5		18.5093
129.6		18.5367
129.7		18.5639
129.8		18.5911
129.9		18.618
130		18.6449
130.1		18.6716
130.2		18.6982
130.3		18.7246
130.4		18.7509
130.5		18.7771
130.6		18.8031
130.7		18.8291
130.8		18.8549
130.9		18.8805
131		18.906
131.1		18.9315
131.2		18.9567
131.3		18.9819
131.4		19.0069
131.5		19.0318
131.6		19.0566
131.7		19.0813
131.8		19.1058
131.9		19.1302
132		19.1545
132.1		19.1787
132.2		19.2027
132.3		19.2266
132.4		19.2504
132.5		19.2741
132.6		19.2977
132.7		19.3211
132.8		19.3445
132.9		19.3677
133		19.3908
133.1		19.4138
133.2		19.4367
133.3		19.4594
133.4		19.4821
133.5		19.5046
133.6		19.527
133.7		19.5493
133.8		19.5715
133.9		19.5936
134		19.6156
134.1		19.6375
134.2		19.6592
134.3		19.6809
134.4		19.7024
134.5		19.7238
134.6		19.7452
134.7		19.7664
134.8		19.7875
134.9		19.8085
135		19.8294
135.1		19.8502
135.2		19.8709
135.3		19.8915
135.4		19.912
135.5		19.9324
135.6		19.9527
135.7		19.9729
135.8		19.993
135.9		0
136		0
136.1		0
136.2		0
136.3		0
136.4		0
136.5		0
136.6		0
136.7		0
136.8		0
136.9		0
137		0
137.1		0
137.2		0
137.3		0
137.4		0
137.5		0
137.6		0
137.7		0
137.8		0
137.9		0
138		0
138.1		0.1197
138.2		0.238804
138.3		0.357313
138.4		0.475232
138.5		0.592562
138.6		0.709307
138.7		0.82547
138.8		0.941053
138.9		1.05606
139		1.17049
139.1		1.28436
139.2		1.39765
139.3		1.51038
139.4		1.62255
139.5		1.73416
139.6		1.84521
139.7		1.95571
139.8		2.06565
139.9		2.17505
140		2.2839
140.1		2.39221
140.2		2.49998
140.3		2.60721
140.4		2.71391
140.5		2.82007
140.6		2.92571
140.7		3.03082
140.8		3.1354
140.9		3.23946
141		3.34301
141.1		3.44604
141.2		3.54855
141.3		3.65055
141.4		3.75204
141.5		3.85303
141.6		3.95351
141.7		4.0535
141.8		4.15298
141.9		4.25197
142		4.35046
142.1		4.44846
142.2		4.54598
142.3		4.64301
142.4		4.73955
142.5		4.83561
142.6		4.93119
142.7		5.0263
142.8		5.12093
142.9		5.21509
143		5.30878
143.1		5.402
143.2		5.49476
143.3		5.58706
143.4		5.67889
143.5		5.77027
143.6		5.86119
143.7		5.95166
143.8		6.04167
143.9		6.13124
144		6.22036
144.1		6.30904
144.2		6.39727
144.3		6.48507
144.4		6.57242
144.5		6.65934
144.6		6.74583
144.7		6.83189
144.8		6.91751
144.9		7.00271
145		7.08749
145.1		7.17184
145.2		7.25577
145.3		7.33928
145.4		7.42238
145.5		7.50506
145.6		7.58733
145.7		7.66918
145.8		7.75064
145.9		7.83168
146		7.91232
146.1		7.99256
146.2		8.07239
146.3		8.15183
146.4		8.23088
146.5		8.30953
146.6		8.38778
146.7		8.46565
146.8		8.54313
146.9		8.62022
147		8.69692
147.1		8.77325
147.2		8.84919
147.3		8.92476
147.4		8.99995
147.5		9.07476
147.6		9.1492
147.7		9.22327
147.8		9.29697
147.9		9.3703
148		9.44326
148.1		9.51587
148.2		9.58811
148.3		9.65999
148.4		9.73151
148.5		9.80267
148.6		9.87348
148.7		9.94394
148.8		10.014
148.9		10.0838
149		10.1532
149.1		10.2223
149.2		10.291
149.3		10.3594
149.4		10.4274
149.5		10.4951
149.6		10.5624
149.7		10.6295
149.8		10.6961
149.9		10.7625
150		10.8285
150.1		10.8942
150.2		10.9596
150.3		11.0246
150.4		11.0893
150.5		11.1537
150.6		11.2178
150.7		11.2815
150.8		11.345
150.9		11.4081
151		11.4709
151.1		11.5334
151.2		11.5956
151.3		11.6574
151.4		11.719
151.5		11.7802
151.6		11.8412
151.7		11.9018
151.8		11.9622
151.9		12.0222
152		12.082
152.1		12.1414
152.2		12.2005
152.3		12.2594
152.4		12.3179
152.5		12.3762
152.6		12.4342
152.7		12.4919
152.8		12.5493
152.9		12.6064
153		12.6632
153.1		12.7197
153.2		12.776
153.3		12.832
153.4		12.8877
153.5		12.9431
153.6		12.9983
153.7		13.0531
153.8		13.1077
153.9		13.1621
154		13.2161
154.1		13.2699
154.2		13.3234
154.3		13.3767
154.4		13.4296
154.5		13.4824
154.6		13.5348
154.7		13.587
154.8		13.6389
154.9		13.6906
155		13.742
155.1		13.7932
155.2		13.8441
155.3		13.8948
155.4		13.9452
155.5		13.9953
155.6		14.0452
155.7		14.0949
155.8		14.1443
155.9		14.1934
156		14.2423
156.1		14.291
156.2		14.3394
156.3		14.3876
156.4		14.4355
156.5		14.4832
156.6		14.5307
156.7		14.5779
156.8		14.6249
156.9		14.6717
157		14.7182
157.1		14.7645
157.2		14.8106
157.3		14.8564
157.4		14.902
157.5		14.9474
157.6		14.9925
157.7		15.0375
157.8		15.0822
157.9		15.1266
158		15.1709
158.1		15.2149
158.2		15.2587
158.3		15.3023
158.4		15.3457
158.5		15.3889
158.6		15.4318
158.7		15.4746
158.8		15.5171
158.9		15.5594
159		15.6015
159.1		15.6434
159.2		15.6851
159.3		15.7265
159.4		15.7678
159.5		15.8089
159.6		15.8497
159.7		15.8904
159.8		15.9308
159.9		15.971
160		16.0111
160.1		16.0509
160.2		16.0906
160.3		16.13
160.4		16.1693
160.5		16.2083
160.6		16.2472
160.7		16.2859
160.8		16.3243
160.9		16.3626
161		16.4007
161.1		16.4386
161.2		16.4763
161.3		16.5139
161.4		16.5512
161.5		16.5883
161.6		16.6253
161.7		16.6621
161.8		16.6987
161.9		16.7351
162		16.7713
162.1		16.8074
162.2		16.8433
162.3		16.879
162.4		16.9145
162.5		16.9498
162.6		16.985
162.7		17.02
162.8		17.0548
162.9		17.0894
163		17.1239
163.1		17.1582
163.2		17.1923
163.3		17.2263
163.4		17.26
163.5		17.2937
163.6		17.3271
163.7		17.3604
163.8		17.3935
163.9		17.4265
164		17.4592
164.1		17.4919
164.2		17.5243
164.3		17.5566
164.4		17.5888
164.5		17.6207
164.6		17.6525
164.7		17.6842
164.8		17.7157
164.9		17.747
165		17.7782
165.1		17.8093
165.2		17.8401
165.3		17.8709
165.4		17.9014
165.5		17.9318
165.6		17.9621
165.7		17.9922
165.8		18.0222
165.9		18.052
166		18.0817
166.1		18.1112
166.2		18.1406
166.3		18.1698
166.4		18.1989
166.5		18.2278
166.6		18.2566
166.7		18.2852
166.8		18.3137
166.9		18.3421
167		18.3703
167.1		18.3984
167.2		18.4263
167.3		18.4541
167.4		18.4818
167.5		18.5093
167.6		18.5367
167.7		18.5639
167.8		18.5911
167.9		18.618
168		18.6449
168.1		18.6716
168.2		18.6982
168.3		18.7246
168.4		18.7509
168.5		18.7771
168.6		18.8031
168.7		18.8291
168.8		18.8549
168.9		18.8805
169		18.906
169.1		18.9315
169.2		18.9567
169.3		18.9819
169.4		19.0069
169.5		19.0318
169.6		19.0566
169.7		19.0813
169.8		19.1058
169.9		19.1302
170		19.1545
170.1		19.1787
170.2		19.2027
170.3		19.2266
170.4		19.2504
170.5		19.2741
170.6		19.2977
170.7		19.3211
170.8		19.3445
170.9		19.3677
171		19.3908
171.1		19.4138
171.2		19.4367
171.3		19.4594
171.4		19.4821
171.5		19.5046
171.6		19.527
171.7		19.5493
171.8		19.5715
171.9		19.5936
172		19.6156
172.1		19.6375
172.2		19.6592
172.3		19.6809
172.4		19.7024
172.5		19.7238
172.6		19.7452
172.7		19.7664
172.8		19.7875
172.9		19.8085
173		19.8294
173.1		19.8502
173.2		19.8709
173.3		19.8915
173.4		19.912
173.5		19.9324
173.6		19.9527
173.7		19.9729
173.8		19.993
173.9		0
174		0
174.1		0
174.2		0
174.3		0
174.4		0
174.5		0
174.6		0
174.7		0
174.8		0
174.9		0
175		0
175.1		0
175.2		0
175.3		0
175.4		0
175.5		0
175.6		0
175.7		0
175.8		0
175.9		0
176		0
176.1		0.1197
176.2		0.238804
176.3		0.357313
176.4		0.475232
176.5		0.592562
176.6		0.709307
176.7		0.82547
176.8		0.941053
176.9		1.05606
177		1.17049
177.1		1.28436
177.2		1.39765
177.3		1.51038
177.4		1.62255
177.5		1.73416
177.6		1.84521
177.7		1.95571
177.8		2.06565
177.9		2.17505
178		2.2839
178.1		2.39221
178.2		2.49998
178.3		2.60721
178.4		2.71391
178.5		2.82007
178.6		2.92571
178.7		3.03082
178.8		3.1354
178.9		3.23946
179		3.34301
179.1		3.44604
179.2		3.54855
179.3		3.65055
179.4		3.75204
179.5		3.85303
179.6		3.95351
179.7		4.0535
179.8		4.15298
179.9		4.25197
180		4.35046
180.1		4.44846
180.2		4.54598
180.3		4.64301
180.4		4.73955
180.5		4.83561
180.6		4.93119
180.7		5.0263
180.8		5.12093
180.9		5.21509
181		5.30878
181.1		5.402
181.2		5.49476
181.3		5.58706
181.4		5.67889
181.5		5.77027
181.6		5.86119
181.7		5.95166
181.8		6.04167
181.9		6.13124
182		6.22036
182.1		6.30904
182.2		6.39727
182.3		6.48507
182.4		6.57242
182.5		6.65934
182.6		6.74583
182.7		6.83189
182.8		6.91751
182.9		7.00271
183		7.08749
183.1		7.17184
183.2		7.25577
183.3		7.33928
183.4		7.42238
183.5		7.50506
183.6		7.58733
183.7		7.66918
183.8		7.75064
183.9		7.83168
184		7.91232
184.1		7.99256
184.2		8.07239
184.3		8.15183
184.4		8.23088
184.5		8.30953
184.6		8.38778
184.7		8.46565
184.8		8.54313
184.9		8.62022
185		8.69692
185.1		8.77325
185.2		8.84919
185.3		8.92476
185.4		8.99995
185.5		9.07476
185.6		9.1492
185.7		9.22327
185.8		9.29697
185.9		9.3703
186		9.44326
186.1		9.51587
186.2		9.58811
186.3		9.65999
186.4		9.73151
186.5		9.80267
186.6		9.87348
186.7		9.94394
186.8		10.014
186.9		10.0838
187		10.1532
187.1		10.2223
187.2		10.291
187.3		10.3594
187.4		10.4274
187.5		10.4951
187.6		10.5624
187.7		10.6295
187.8		10.6961
187.9		10.7625
188		10.8285
188.1		10.8942
188.2		10.9596
188.3		11.0246
188.4		11.0893
188.5		11.1537
188.6		11.2178
188.7		11.2815
188.8		11.345
188.9		11.4081
189		11.4709
189.1		11.5334
189.2		11.5956
189.3		11.6574
189.4		11.719
189.5		11.7802
189.6		11.8412
189.7		11.9018
189.8		11.9622
189.9		12.0222
190		12.082
190.1		12.1414
190.2		12.2005
190.3		12.2594
190.4		12.3179
190.5		12.3762
190.6		12.4342
190.7		12.4919
190.8		12.5493
190.9		12.6064
191		12.6632
191.1		12.7197
191.2		12.776
191.3		12.832
191.4		12.8877
191.5		12.9431
191.6		12.9983
191.7		13.0531
191.8		13.1077
191.9		13.1621
192		13.2161
192.1		13.2699
192.2		13.3234
192.3		13.3767
192.4		13.4296
192.5		13.4824
192.6		13.5348
192.7		13.587
192.8		13.6389
192.9		13.6906
193		13.742
193.1		13.7932
193.2		13.8441
193.3		13.8948
193.4		13.9452
193.5		13.9953
193.6		14.0452
193.7		14.0949
193.8		14.1443
193.9		14.1934
194		14.2423
194.1		14.291
194.2		14.3394
194.3		14.3876
194.4		14.4355
194.5		14.4832
194.6		14.5307
194.7		14.5779
194.8		14.6249
194.9		14.6717
195		14.7182
195.1		14.7645
195.2		14.8106
195.3		14.8564
195.4		14.902
195.5		14.9474
195.6		14.9925
195.7		15.0375
195.8		15.0822
195.9		15.1266
196		15.1709
196.1		15.2149
196.2		15.2587
196.3		15.3023
196.4		15.3457
196.5		15.3889
196.6		15.4318
196.7		15.4746
196.8		15.5171
196.9		15.5594
197		15.6015
197.1		15.6434
197.2		15.6851
197.3		15.7265
197.4		15.7678
197.5		15.8089
197.6		15.8497
197.7		15.8904
197.8		15.9308
197.9		15.971
198		16.0111
198.1		16.0509
198.2		16.0906
198.3		16.13
198.4		16.1693
198.5		16.2083
198.6		16.2472
198.7		16.2859
198.8		16.3243
198.9		16.3626
199		16.4007
199.1		16.4386
199.2		16.4763
199.3		16.5139
199.4		16.5512
199.5		16.5883
199.6		16.6253
199.7		16.6621
199.8		16.6987
199.9		16.7351
200		16.7713
200.1		16.8074
200.2		16.8433
200.3		16.879
200.4		16.9145
200.5		16.9498
200.6		16.985
200.7		17.02
200.8		17.0548
200.9		17.0894
201		17.1239
201.1		17.1582
201.2		17.1923
201.3		17.2263
201.4		17.26
201.5		17.2937
201.6		17.3271
201.7		17.3604
201.8		17.3935
201.9		17.4265
202		17.4592
202.1		17.4919
202.2		17.5243
202.3		17.5566
202.4		17.5888
202.5		17.6207
202.6		17.6525
202.7		17.6842
202.8		17.7157
202.9		17.747
203		17.7782
203.1		17.8093
203.2		17.8401
203.3		17.8709
203.4		17.9014
203.5		17.9318
203.6		17.9621
203.7		17.9922
203.8		18.0222
203.9		18.052
204		18.0817
204.1		18.1112
204.2		18.1406
204.3		18.1698
204.4		18.1989
204.5		18.2278
204.6		18.2566
204.7		18.2852
204.8		18.3137
204.9		18.3421
205		18.3703
205.1		18.3984
205.2		18.4263
205.3		18.4541
205.4		18.4818
205.5		18.5093
205.6		18.5367
205.7		18.5639
205.8		18.5911
205.9		18.618
206		18.6449
206.1		18.6716
206.2		18.6982
206.3		18.7246
206.4		18.7509
206.5		18.7771
206.6		18.8031
206.7		18.8291
206.8		18.8549
206.9		18.8805
207		18.906
207.1		18.9315
207.2		18.9567
207.3		18.9819
207.4		19.0069
207.5		19.0318
207.6		19.0566
207.7		19.0813
207.8		19.1058
207.9		19.1302
208		19.1545
208.1		19.1787
208.2		19.2027
208.3		19.2266
208.4		19.2504
208.5		19.2741
208.6		19.2977
208.7		19.3211
208.8		19.3445
208.9		19.3677
209		19.3908
209.1		19.4138
209.2		19.4367
209.3		19.4594
209.4		19.4821
209.5		19.5046
209.6		19.527
209.7		19.5493
209.8		19.5715
209.9		19.5936
210		19.6156
210.1		19.6375
210.2		19.6592
210.3		19.6809
210.4		19.7024
210.5		19.7238
210.6		19.7452
210.7		19.7664
210.8		19.7875
210.9		19.8085
211		19.8294
211.1		19.8502
211.2		19.8709
211.3		19.8915
211.4		19.912
211.5		19.9324
211.6		19.9527
211.7		19.9729
211.8		19.993
211.9		0
212		0
212.1		0
212.2		0
212.3		0
212.4		0
212.5		0
212.6		0
212.7		0
212.8		0
212.9		0
213		0
213.1		0
213.2		0
213.3		0
213.4		0
213.5		0
213.6		0
213.7		0
213.8		0
213.9		0
214		0
214.1		0.1197
214.2		0.238804
214.3		0.357313
214.4		0.475232
214.5		0.592562
214.6		0.709307
214.7		0.82547
214.8		0.941053
214.9		1.05606
215		1.17049
215.1		1.28436
215.2		1.39765
215.3		1.51038
215.4		1.62255
215.5		1.73416
215.6		1.84521
215.7		1.95571
215.8		2.06565
215.9		2.17505
216		2.2839
216.1		2.39221
216.2		2.49998
216.3		2.60721
216.4		2.71391
216.5		2.82007
216.6		2.92571
216.7		3.03082
216.8		3.1354
216.9		3.23946
217		3.34301
217.1		3.44604
217.2		3.54855
217.3		3.65055
217.4		3.75204
217.5		3.85303
217.6		3.95351
217.7		4.0535
217.8		4.15298
217.9		4.25197
218		4.35046
218.1		4.44846
218.2		4.54598
218.3		4.64301
218.4		4.73955
218.5		4.83561
218.6		4.93119
218.7		5.0263
218.8		5.12093
218.9		5.21509
219		5.30878
219.1		5.402
219.2		5.49476
219.3		5.58706
219.4		5.67889
219.5		5.77027
219.6		5.86119
219.7		5.95166
219.8		6.04167
219.9		6.13124
220		6.22036
220.1		6.30904
220.2		6.39727
220.3		6.48507
220.4		6.57242
220.5		6.65934
220.6		6.74583
220.7		6.83189
220.8		6.91751
220.9		7.00271
221		7.08749
221.1		7.17184
221.2		7.25577
221.3		7.33928
221.4		7.42238
221.5		7.50506
221.6		7.58733
221.7		7.66918
221.8		7.75064
221.9		7.83168
222		7.91232
222.1		7.99256
222.2		8.07239
222.3		8.15183
222.4		8.23088
222.5		8.30953
222.6		8.38778
222.7		8.46565
222.8		8.54313
222.9		8.62022
223		8.69692
223.1		8.77325
223.2		8.84919
223.3		8.92476
223.4		8.99995
223.5		9.07476
223.6		9.1492
223.7		9.22327
223.8		9.29697
223.9		9.3703
224		9.44326
224.1		9.51587
224.2		9.58811
224.3		9.65999
224.4		9.73151
224.5		9.80267
224.6		9.87348
224.7		9.94394
224.8		10.014
224.9		10.0838
225		10.1532
225.1		10.2223
225.2		10.291
225.3		10.3594
225.4		10.4274
225.5		10.4951
225.6		10.5624
225.7		10.6295
225.8		10.6961
225.9		10.7625
226		10.8285
226.1		10.8942
226.2		10.9596
226.3		11.0246
226.4		11.0893
226.5		11.1537
226.6		11.2178
226.7		11.2815
226.8		11.345
226.9		11.4081
227		11.4709
227.1		11.5334
227.2		11.5956
227.3		11.6574
227.4		11.719
227.5		11.7802
227.6		11.8412
227.7		11.9018
227.8		11.9622
227.9		12.0222
228		12.082
228.1		12.1414
228.2		12.2005
228.3		12.2594
228.4		12.3179
228.5		12.3762
228.6		12.4342
228.7		12.4919
228.8		12.5493
228.9		12.6064
229		12.6632
229.1		12.7197
229.2		12.776
229.3		12.832
229.4		12.8877
229.5		12.9431
229.6		12.9983
229.7		13.0531
229.8		13.1077
229.9		13.1621
230		13.2161
230.1		13.2699
230.2		13.3234
230.3		13.3767
230.4		13.4296
230.5		13.4824
230.6		13.5348
230.7		13.587
230.8		13.6389
230.9		13.6906
231		13.742
231.1		13.7932
231.2		13.8441
231.3		13.8948
231.4		13.9452
231.5		13.9953
231.6		14.0452
231.7		14.0949
231.8		14.1443
231.9		14.1934
232		14.2423
232.1		14.291
232.2		14.3394
232.3		14.3876
232.4		14.4355
232.5		14.4832
232.6		14.5307
232.7		14.5779
232.8		14.6249
232.9		14.6717
233		14.7182
233.1		14.7645
233.2		14.8106
233.3		14.8564
233.4		14.902
233.5		14.9474
233.6		14.9925
233.7		15.0375
233.8		15.0822
233.9		15.1266
234		15.1709
234.1		15.2149
234.2		15.2587
234.3		15.3023
234.4		15.3457
234.5		15.3889
234.6		15.4318
234.7		15.4746
234.8		15.5171
234.9		15.5594
235		15.6015
235.1		15.6434
235.2		15.6851
235.3		15.7265
235.4		15.7678
235.5		15.8089
235.6		15.8497
235.7		15.8904
235.8		15.9308
235.9		15.971
236		16.0111
236.1		16.0509
236.2		16.0906
236.3		16.13
236.4		16.1693
236.5		16.2083
236.6		16.2472
236.7		16.2859
236.8		16.3243
236.9		16.3626
237		16.4007
237.1		16.4386
237.2		16.4763
237.3		16.5139
237.4		16.5512
237.5		16.5883
237.6		16.6253
237.7		16.6621
237.8		16.6987
237.9		16.7351
238		16.7713
238.1		16.8074
238.2		16.8433
238.3		16.879
238.4		16.9145
238.5		16.9498
238.6		16.985
238.7		17.02
238.8		17.0548
238.9		17.0894
239		17.1239
239.1		17.1582
239.2		17.1923
239.3		17.2263
239.4		17.26
239.5		17.2937
239.6		17.3271
239.7		17.3604
239.8		17.3935
239.9		17.4265
240		17.4592
240.1		17.4919
240.2		17.5243
240.3		17.5566
240.4		17.5888
240.5		17.6207
240.6		17.6525
240.7		17.6842
240.8		17.7157
240.9		17.747
241		17.7782
241.1		17.8093
241.2		17.8401
241.3		17.8709
241.4		17.9014
241.5		17.9318
241.6		17.9621
241.7		17.9922
241.8		18.0222
241.9		18.052
242		18.0817
242.1		18.1112
242.2		18.1406
242.3		18.1698
242.4		18.1989
242.5		18.2278
242.6		18.2566
242.7		18.2852
242.8		18.3137
242.9		18.3421
243		18.3703
243.1		18.3984
243.2		18.4263
243.3		18.4541
243.4		18.4818
243.5		18.5093
243.6		18.5367
243.7		18.5639
243.8		18.5911
243.9		18.618
244		18.6449
244.1		18.6716
244.2		18.6982
244.3		18.7246
244.4		18.7509
244.5		18.7771
244.6		18.8031
244.7		18.8291
244.8		18.8549
244.9		18.8805
245		18.906
245.1		18.9315
245.2		18.9567
245.3		18.9819
245.4		19.0069
245.5		19.0318
245.6		19.0566
245.7		19.0813
245.8		19.1058
245.9		19.1302
246		19.1545
246.1		19.1787
246.2		19.2027
246.3		19.2266
246.4		19.2504
246.5		19.2741
246.6		19.2977
246.7		19.3211
246.8		19.3445
246.9		19.3677
247		19.3908
247.1		19.4138
247.2		19.4367
247.3		19.4594
247.4		19.4821
247.5		19.5046
247.6		19.527
247.7		19.5493
247.8		19.5715
247.9		19.5936
248		19.6156
248.1		19.6375
248.2		19.6592
248.3		19.6809
248.4		19.7024
248.5		19.7238
248.6		19.7452
248.7		19.7664
248.8		19.7875
248.9		19.8085
249		19.8294
249.1		19.8502
249.2		19.8709
249.3		19.8915
249.4		19.912
249.5		19.9324
249.6		19.9527
249.7		19.9729
249.8		19.993
249.9		0
250		0
250.1		0
250.2		0
250.3		0
250.4		0
250.5		0
250.6		0
250.7		0
250.8		0
250.9		0
251		0
251.1		0
251.2		0
251.3		0
251.4		0
251.5		0
251.6		0
251.7		0
251.8		0
251.9		0
252		0
252.1		0.1197
252.2		0.238804
252.3		0.357313
252.4		0.475232
252.5		0.592562
252.6		0.709307
252.7		0.82547
252.8		0.941053
252.9		1.05606
253		1.17049
253.1		1.28436
253.2		1.39765
253.3		1.51038
253.4		1.62255
253.5		1.73416
253.6		1.84521
253.7		1.95571
253.8		2.06565
253.9		2.17505
254		2.2839
254.1		2.39221
254.2		2.49998
254.3		2.60721
254.4		2.71391
254.5		2.82007
254.6		2.92571
254.7		3.03082
254.8		3.1354
254.9		3.23946
255		3.34301
255.1		3.44604
255.2		3.54855
255.3		3.65055
255.4		3.75204
255.5		3.85303
255.6		3.95351
255.7		4.0535
255.8		4.15298
255.9		4.25197
256		4.35046
256.1		4.44846
256.2		4.54598
256.3		4.64301
256.4		4.73955
256.5		4.83561
256.6		4.93119
256.7		5.0263
256.8		5.12093
256.9		5.21509
257		5.30878
257.1		5.402
257.2		5.49476
257.3		5.58706
257.4		5.67889
257.5		5.77027
257.6		5.86119
257.7		5.95166
257.8		6.04167
257.9		6.13124
258		6.22036
258.1		6.30904
258.2		6.39727
258.3		6.48507
258.4		6.57242
258.5		6.65934
258.6		6.74583
258.7		6.83189
258.8		6.91751
258.9		7.00271
259		7.08749
259.1		7.17184
259.2		7.25577
259.3		7.33928
259.4		7.42238
259.5		7.50506
259.6		7.58733
259.7		7.66918
259.8		7.75064
259.9		7.83168
260		7.91232
260.1		7.99256
260.2		8.07239
260.3		8.15183
260.4		8.23088
260.5		8.30953
260.6		8.38778
260.7		8.46565
260.8		8.54313
260.9		8.62022
261		8.69692
261.1		8.77325
261.2		8.84919
261.3		8.92476
261.4		8.99995
261.5		9.07476
261.6		9.1492
261.7		9.22327
261.8		9.29697
261.9		9.3703
262		9.44326
262.1		9.51587
262.2		9.58811
262.3		9.65999
262.4		9.73151
262.5		9.80267
262.6		9.87348
262.7		9.94394
262.8		10.014
262.9		10.0838
263		10.1532
263.1		10.2223
263.2		10.291
263.3		10.3594
263.4		10.4274
263.5		10.4951
263.6		10.5624
263.7		10.6295
263.8		10.6961
263.9		10.7625
264		10.8285
264.1		10.8942
264.2		10.9596
264.3		11.0246
264.4		11.0893
264.5		11.1537
264.6		11.2178
264.7		11.2815
264.8		11.345
264.9		11.4081
265		11.4709
265.1		11.5334
265.2		11.5956
265.3		11.6574
265.4		11.719
265.5		11.7802
265.6		11.8412
265.7		11.9018
265.8		11.9622
265.9		12.0222
266		12.082
266.1		12.1414
266.2		12.2005
266.3		12.2594
266.4		12.3179
266.5		12.3762
266.6		12.4342
266.7		12.4919
266.8		12.5493
266.9		12.6064
267		12.6632
267.1		12.7197
267.2		12.776
267.3		12.832
267.4		12.8877
267.5		12.9431
267.6		12.9983
267.7		13.0531
267.8		13.1077
267.9		13.1621
268		13.2161
268.1		13.2699
268.2		13.3234
268.3		13.3767
268.4		13.4296
268.5		13.4824
268.6		13.5348
268.7		13.587
268.8		13.6389
268.9		13.6906
269		13.742
269.1		13.7932
269.2		13.8441
269.3		13.8948
269.4		13.9452
269.5		13.9953
269.6		14.0452
269.7		14.0949
269.8		14.1443
269.9		14.1934
270		14.2423
270.1		14.291
270.2		14.3394
270.3		14.3876
270.4		14.4355
270.5		14.4832
270.6		14.5307
270.7		14.5779
270.8		14.6249
270.9		14.6717
271		14.7182
271.1		14.7645
271.2		14.8106
271.3		14.8564
271.4		14.902
271.5		14.9474
271.6		14.9925
271.7		15.0375
271.8		15.0822
271.9		15.1266
272		15.1709
272.1		15.2149
272.2		15.2587
272.3		15.3023
272.4		15.3457
272.5		15.3889
272.6		15.4318
272.7		15.4746
272.8		15.5171
272.9		15.5594
273		15.6015
273.1		15.6434
273.2		15.6851
273.3		15.7265
273.4		15.7678
273.5		15.8089
273.6		15.8497
273.7		15.8904
273.8		15.9308
273.9		15.971
274		16.0111
274.1		16.0509
274.2		16.0906
274.3		16.13
274.4		16.1693
274.5		16.2083
274.6		16.2472
274.7		16.2859
274.8		16.3243
274.9		16.3626
275		16.4007
275.1		16.4386
275.2		16.4763
275.3		16.5139
275.4		16.5512
275.5		16.5883
275.6		16.6253
275.7		16.6621
275.8		16.6987
275.9		16.7351
276		16.7713
276.1		16.8074
276.2		16.8433
276.3		16.879
276.4		16.9145
276.5		16.9498
276.6		16.985
276.7		17.02
276.8		17.0548
276.9		17.0894
277		17.1239
277.1		17.1582
277.2		17.1923
277.3		17.2263
277.4		17.26
277.5		17.2937
277.6		17.3271
277.7		17.3604
277.8		17.3935
277.9		17.4265
278		17.4592
278.1		17.4919
278.2		17.5243
278.3		17.5566
278.4		17.5888
278.5		17.6207
278.6		17.6525
278.7		17.6842
278.8		17.7157
278.9		17.747
279		17.7782
279.1		17.8093
279.2		17.8401
279.3		17.8709
279.4		17.9014
279.5		17.9318
279.6		17.9621
279.7		17.9922
279.8		18.0222
279.9		18.052
280		18.0817
280.1		18.1112
280.2		18.1406
280.3		18.1698
280.4		18.1989
280.5		18.2278
280.6		18.2566
280.7		18.2852
280.8		18.3137
280.9		18.3421
281		18.3703
281.1		18.3984
281.2		18.4263
281.3		18.4541
281.4		18.4818
281.5		18.5093
281.6		18.5367
281.7		18.5639
281.8		18.5911
281.9		18.618
282		18.6449
282.1		18.6716
282.2		18.6982
282.3		18.7246
282.4		18.7509
282.5		18.7771
282.6		18.8031
282.7		18.8291
282.8		18.8549
282.9		18.8805
283		18.906
283.1		18.9315
283.2		18.9567
283.3		18.9819
283.4		19.0069
283.5		19.0318
283.6		19.0566
283.7		19.0813
283.8		19.1058
283.9		19.1302
284		19.1545
284.1		19.1787
284.2		19.2027
284.3		19.2266
284.4		19.2504
284.5		19.2741
284.6		19.2977
284.7		19.3211
284.8		19.3445
284.9		19.3677
285		19.3908
285.1		19.4138
285.2		19.4367
285.3		19.4594
285.4		19.4821
285.5		19.5046
285.6		19.527
285.7		19.5493
285.8		19.5715
285.9		19.5936
286		19.6156
286.1		19.6375
286.2		19.6592
286.3		19.6809
286.4		19.7024
286.5		19.7238
286.6		19.7452
286.7		19.7664
286.8		19.7875
286.9		19.8085
287		19.8294
287.1		19.8502
287.2		19.8709
287.3		19.8915
287.4		19.912
287.5		19.9324
287.6		19.9527
287.7		19.9729
287.8		19.993
287.9		0
288		0
288.1		0
288.2		0
288.3		0
288.4		0
288.5		0
288.6		0
288.7		0
288.8		0
288.9		0
289		0
289.1		0
289.2		0
289.3		0
289.4		0
289.5		0
289.6		0
289.7		0
289.8		0
289.9		0
290		0
290.1		0.1197
290.2		0.238804
290.3		0.357313
290.4		0.475232
290.5		0.592562
290.6		0.709307
290.7		0.82547
290.8		0.941053
290.9		1.05606
291		1.17049
291.1		1.28436
291.2		1.39765
291.3		1.51038
291.4		1.62255
291.5		1.73416
291.6		1.84521
291.7		1.95571
291.8		2.06565
291.9		2.17505
292		2.2839
292.1		2.39221
292.2		2.49998
292.3		2.60721
292.4		2.71391
292.5		2.82007
292.6		2.92571
292.7		3.03082
292.8		3.1354
292.9		3.23946
293		3.34301
293.1		3.44604
293.2		3.54855
293.3		3.65055
293.4		3.75204
293.5		3.85303
293.6		3.95351
293.7		4.0535
293.8		4.15298
293.9		4.25197
294		4.35046
294.1		4.44846
294.2		4.54598
294.3		4.64301
294.4		4.73955
294.5		4.83561
294.6		4.93119
294.7		5.0263
294.8		5.12093
294.9		5.21509
295		5.30878
295.1		5.402
295.2		5.49476
295.3		5.58706
295.4		5.67889
295.5		5.77027
295.6		5.86119
295.7		5.95166
295.8		6.04167
295.9		6.13124
296		6.22036
296.1		6.30904
296.2		6.39727
296.3		6.48507
296.4		6.57242
296.5		6.65934
296.6		6.74583
296.7		6.83189
296.8		6.91751
296.9		7.00271
297		7.08749
297.1		7.17184
297.2		7.25577
297.3		7.33928
297.4		7.42238
297.5		7.50506
297.6		7.58733
297.7		7.66918
297.8		7.75064
297.9		7.83168
298		7.91232
298.1		7.99256
298.2		8.07239
298.3		8.15183
298.4		8.23088
298.5		8.30953
298.6		8.38778
298.7		8.46565
298.8		8.54313
298.9		8.62022
299		8.69692
299.1		8.77325
299.2		8.84919
299.3		8.92476
299.4		8.99995
299.5		9.07476
299.6		9.1492
299.7		9.22327
299.8		9.29697
299.9		9.3703
300		9.44326
300.1		9.51587
300.2		9.58811
300.3		9.65999
300.4		9.73151
300.5		9.80267
300.6		9.87348
300.7		9.94394
300.8		10.014
300.9		10.0838
301		10.1532
301.1		10.2223
301.2		10.291
301.3		10.3594
301.4		10.4274
301.5		10.4951
301.6		10.5624
301.7		10.6295
301.8		10.6961
301.9		10.7625
302		10.8285
302.1		10.8942
302.2		10.9596
302.3		11.0246
302.4		11.0893
302.5		11.1537
302.6		11.2178
302.7		11.2815
302.8		11.345
302.9		11.4081
303		11.4709
303.1		11.5334
303.2		11.5956
303.3		11.6574
303.4		11.719
303.5		11.7802
303.6		11.8412
303.7		11.9018
303.8		11.9622
303.9		12.0222
304		12.082
304.1		12.1414
304.2		12.2005
304.3		12.2594
304.4		12.3179
304.5		12.3762
304.6		12.4342
304.7		12.4919
304.8		12.5493
304.9		12.6064
305		12.6632
305.1		12.7197
305.2		12.776
305.3		12.832
305.4		12.8877
305.5		12.9431
305.6		12.9983
305.7		13.0531
305.8		13.1077
305.9		13.1621
306		13.2161
306.1		13.2699
306.2		13.3234
306.3		13.3767
306.4		13.4296
306.5		13.4824
306.6		13.5348
306.7		13.587
306.8		13.6389
306.9		13.6906
307		13.742
307.1		13.7932
307.2		13.8441
307.3		13.8948
307.4		13.9452
307.5		13.9953
307.6		14.0452
307.7		14.0949
307.8		14.1443
307.9		14.1934
308		14.2423
308.1		14.291
308.2		14.3394
308.3		14.3876
308.4		14.4355
308.5		14.4832
308.6		14.5307
308.7		14.5779
308.8		14.6249
308.9		14.6717
309		14.7182
309.1		14.7645
309.2		14.8106
309.3		14.8564
309.4		14.902
309.5		14.9474
309.6		14.9925
309.7		15.0375
309.8		15.0822
309.9		15.1266
310		15.1709
310.1		15.2149
310.2		15.2587
310.3		15.3023
310.4		15.3457
310.5		15.3889
310.6		15.4318
310.7		15.4746
310.8		15.5171
310.9		15.5594
311		15.6015
311.1		15.6434
311.2		15.6851
311.3		15.7265
311.4		15.7678
311.5		15.8089
311.6		15.8497
311.7		15.8904
311.8		15.9308
311.9		15.971
312		16.0111
312.1		16.0509
312.2		16.0906
312.3		16.13
312.4		16.1693
312.5		16.2083
312.6		16.2472
312.7		16.2859
312.8		16.3243
312.9		16.3626
313		16.4007
313.1		16.4386
313.2		16.4763
313.3		16.5139
313.4		16.5512
313.5		16.5883
313.6		16.6253
313.7		16.6621
313.8		16.6987
313.9		16.7351
314		16.7713
314.1		16.8074
314.2		16.8433
314.3		16.879
314.4		16.9145
314.5		16.9498
314.6		16.985
314.7		17.02
314.8		17.0548
314.9		17.0894
315		17.1239
315.1		17.1582
315.2		17.1923
315.3		17.2263
315.4		17.26
315.5		17.2937
315.6		17.3271
315.7		17.3604
315.8		17.3935
315.9		17.4265
316		17.4592
316.1		17.4919
316.2		17.5243
316.3		17.5566
316.4		17.5888
316.5		17.6207
316.6		17.6525
316.7		17.6842
316.8		17.7157
316.9		17.747
317		17.7782
317.1		17.8093
317.2		17.8401
317.3		17.8709
317.4		17.9014
317.5		17.9318
317.6		17.9621
317.7		17.9922
317.8		18.0222
317.9		18.052
318		18.0817
318.1		18.1112
318.2		18.1406
318.3		18.1698
318.4		18.1989
318.5		18.2278
318.6		18.2566
318.7		18.2852
318.8		18.3137
318.9		18.3421
319		18.3703
319.1		18.3984
319.2		18.4263
319.3		18.4541
319.4		18.4818
319.5		18.5093
319.6		18.5367
319.7		18.5639
319.8		18.5911
319.9		18.618
320		18.6449
320.1		18.6716
320.2		18.6982
320.3		18.7246
320.4		18.7509
320.5		18.7771
320.6		18.8031
320.7		18.8291
320.8		18.8549
320.9		18.8805
321		18.906
321.1		18.9315
321.2		18.9567
321.3		18.9819
321.4		19.0069
321.5		19.0318
321.6		19.0566
321.7		19.0813
321.8		19.1058
321.9		19.1302
322		19.1545
322.1		19.1787
322.2		19.2027
322.3		19.2266
322.4		19.2504
322.5		19.2741
322.6		19.2977
322.7		19.3211
322.8		19.3445
322.9		19.3677
323		19.3908
323.1		19.4138
323.2		19.4367
323.3		19.4594
323.4		19.4821
323.5		19.5046
323.6		19.527
323.7		19.5493
323.8		19.5715
323.9		19.5936
324		19.6156
324.1		19.6375
324.2		19.6592
324.3		19.6809
324.4		19.7024
324.5		19.7238
324.6		19.7452
324.7		19.7664
324.8		19.7875
324.9		19.8085
325		19.8294
325.1		19.8502
325.2		19.8709
325.3		19.8915
325.4		19.912
325.5		19.9324
325.6		19.9527
325.7		19.9729
325.8		19.993
325.9		0
326		0
326.1		0
326.2		0
326.3		0
326.4		0
326.5		0
326.6		0
326.7		0
326.8		0
326.9		0
327		0
327.1		0
327.2		0
327.3		0
327.4		0
327.5		0
327.6		0
327.7		0
327.8		0
327.9		0
328		0
328.1		0.1197
328.2		0.238804
328.3		0.357313
328.4		0.475232
328.5		0.592562
328.6		0.709307
328.7		0.82547
328.8		0.941053
328.9		1.05606
329		1.17049
329.1		1.28436
329.2		1.39765
329.3		1.51038
329.4		1.62255
329.5		1.73416
329.6		1.84521
329.7		1.95571
329.8		2.06565
329.9		2.17505
330		2.2839
330.1		2.39221
330.2		2.49998
330.3		2.60721
330.4		2.71391
330.5		2.82007
330.6		2.92571
330.7		3.03082
330.8		3.1354
330.9		3.23946
331		3.34301
331.1		3.44604
331.2		3.54855
331.3		3.65055
331.4		3.75204
331.5		3.85303
331.6		3.95351
331.7		4.0535
331.8		4.15298
331.9		4.25197
332		4.35046
332.1		4.44846
332.2		4.54598
332.3		4.64301
332.4		4.73955
332.5		4.83561
332.6		4.93119
332.7		5.0263
332.8		5.12093
332.9		5.21509
333		5.30878
333.1		5.402
333.2		5.49476
333.3		5.58706
333.4		5.67889
333.5		5.77027
333.6		5.86119
333.7		5.95166
333.8		6.04167
333.9		6.13124
334		6.22036
334.1		6.30904
334.2		6.39727
334.3		6.48507
334.4		6.57242
334.5		6.65934
334.6		6.74583
334.7		6.83189
334.8		6.91751
334.9		7.00271
335		7.08749
335.1		7.17184
335.2		7.25577
335.3		7.33928
335.4		7.42238
335.5		7.50506
335.6		7.58733
335.7		7.66918
335.8		7.75064
335.9		7.83168
336		7.91232
336.1		7.99256
336.2		8.07239
336.3		8.15183
336.4		8.23088
336.5		8.30953
336.6		8.38778
336.7		8.46565
336.8		8.54313
336.9		8.62022
337		8.69692
337.1		8.77325
337.2		8.84919
337.3		8.92476
337.4		8.99995
337.5		9.07476
337.6		9.1492
337.7		9.22327
337.8		9.29697
337.9		9.3703
338		9.44326
338.1		9.51587
338.2		9.58811
338.3		9.65999
338.4		9.73151
338.5		9.80267
338.6		9.87348
338.7		9.94394
338.8		10.014
338.9		10.0838
339		10.1532
339.1		10.2223
339.2		10.291
339.3		10.3594
339.4		10.4274
339.5		10.4951
339.6		10.5624
339.7		10.6295
339.8		10.6961
339.9		10.7625
340		10.8285
340.1		10.8942
340.2		10.9596
340.3		11.0246
340.4		11.0893
340.5		11.1537
340.6		11.2178
340.7		11.2815
340.8		11.345
340.9		11.4081
341		11.4709
341.1		11.5334
341.2		11.5956
341.3		11.6574
341.4		11.719
341.5		11.7802
341.6		11.8412
341.7		11.9018
341.8		11.9622
341.9		12.0222
342		12.082
342.1		12.1414
342.2		12.2005
342.3		12.2594
342.4		12.3179
342.5		12.3762
342.6		12.4342
342.7		12.4919
342.8		12.5493
342.9		12.6064
343		12.6632
343.1		12.7197
343.2		12.776
343.3		12.832
343.4		12.8877
343.5		12.9431
343.6		12.9983
343.7		13.0531
343.8		13.1077
343.9		13.1621
344		13.2161
344.1		13.2699
344.2		13.3234
344.3		13.3767
344.4		13.4296
344.5		13.4824
344.6		13.5348
344.7		13.587
344.8		13.6389
344.9		13.6906
345		13.742
345.1		13.7932
345.2		13.8441
345.3		13.8948
345.4		13.9452
345.5		13.9953
345.6		14.0452
345.7		14.0949
345.8		14.1443
345.9		14.1934
346		14.2423
346.1		14.291
346.2		14.3394
346.3		14.3876
346.4		14.4355
346.5		14.4832
346.6		14.5307
346.7		14.5779
346.8		14.6249
346.9		14.6717
347		14.7182
347.1		14.7645
347.2		14.8106
347.3		14.8564
347.4		14.902
347.5		14.9474
347.6		14.9925
347.7		15.0375
347.8		15.0822
347.9		15.1266
348		15.1709
348.1		15.2149
348.2		15.2587
348.3		15.3023
348.4		15.3457
348.5		15.3889
348.6		15.4318
348.7		15.4746
348.8		15.5171
348.9		15.5594
349		15.6015
349.1		15.6434
349.2		15.6851
349.3		15.7265
349.4		15.7678
349.5		15.8089
349.6		15.8497
349.7		15.8904
349.8		15.9308
349.9		15.971
350		16.0111
350.1		16.0509
350.2		16.0906
350.3		16.13
350.4		16.1693
350.5		16.2083
350.6		16.2472
350.7		16.2859
350.8		16.3243
350.9		16.3626
351		16.4007
351.1		16.4386
351.2		16.4763
351.3		16.5139
351.4		16.5512
351.5		16.5883
351.6		16.6253
351.7		16.6621
351.8		16.6987
351.9		16.7351
352		16.7713
352.1		16.8074
352.2		16.8433
352.3		16.879
352.4		16.9145
352.5		16.9498
352.6		16.985
352.7		17.02
352.8		17.0548
352.9		17.0894
353		17.1239
353.1		17.1582
353.2		17.1923
353.3		17.2263
353.4		17.26
353.5		17.2937
353.6		17.3271
353.7		17.3604
353.8		17.3935
353.9		17.4265
354		17.4592
354.1		17.4919
354.2		17.5243
354.3		17.5566
354.4		17.5888
354.5		17.6207
354.6		17.6525
354.7		17.6842
354.8		17.7157
354.9		17.747
355		17.7782
355.1		17.8093
355.2		17.8401
355.3		17.8709
355.4		17.9014
355.5		17.9318
355.6		17.9621
355.7		17.9922
355.8		18.0222
355.9		18.052
356		18.0817
356.1		18.1112
356.2		18.1406
356.3		18.1698
356.4		18.1989
356.5		18.2278
356.6		18.2566
356.7		18.2852
356.8		18.3137
356.9		18.3421
357		18.3703
357.1		18.3984
357.2		18.4263
357.3		18.4541
357.4		18.4818
357.5		18.5093
357.6		18.5367
357.7		18.5639
357.8		18.5911
357.9		18.618
358		18.6449
358.1		18.6716
358.2		18.6982
358.3		18.7246
358.4		18.7509
358.5		18.7771
358.6		18.8031
358.7		18.8291
358.8		18.8549
358.9		18.8805
359		18.906
359.1		18.9315
359.2		18.9567
359.3		18.9819
359.4		19.0069
359.5		19.0318
359.6		19.0566
359.7		19.0813
359.8		19.1058
359.9		19.1302
360		19.1545
360.1		19.1787
360.2		19.2027
360.3		19.2266
360.4		19.2504
360.5		19.2741
360.6		19.2977
360.7		19.3211
360.8		19.3445
360.9		19.3677
361		19.3908
361.1		19.4138
361.2		19.4367
361.3		19.4594
361.4		19.4821
361.5		19.5046
361.6		19.527
361.7		19.5493
361.8		19.5715
361.9		19.5936
362		19.6156
362.1		19.6375
362.2		19.6592
362.3		19.6809
362.4		19.7024
362.5		19.7238
362.6		19.7452
362.7		19.7664
362.8		19.7875
362.9		19.8085
363		19.8294
363.1		19.8502
363.2		19.8709
363.3		19.8915
363.4		19.912
363.5		19.9324
363.6		19.9527
363.7		19.9729
363.8		19.993
363.9		0
364		0
364.1		0
364.2		0
364.3		0
364.4		0
364.5		0
364.6		0
364.7		0
364.8		0
364.9		0
365		0
365.1		0
365.2		0
365.3		0
365.4		0
365.5		0
365.6		0
365.7		0
365.8		0
365.9		0
366		0
366.1		0.1197
366.2		0.238804
366.3		0.357313
366.4		0.475232
366.5		0.592562
366.6		0.709307
366.7		0.82547
366.8		0.941053
366.9		1.05606
367		1.17049
367.1		1.28436
367.2		1.39765
367.3		1.51038
367.4		1.62255
367.5		1.73416
367.6		1.84521
367.7		1.95571
367.8		2.06565
367.9		2.17505
368		2.2839
368.1		2.39221
368.2		2.49998
368.3		2.60721
368.4		2.71391
368.5		2.82007
368.6		2.92571
368.7		3.03082
368.8		3.1354
368.9		3.23946
369		3.34301
369.1		3.44604
369.2		3.54855
369.3		3.65055
369.4		3.75204
369.5		3.85303
369.6		3.95351
369.7		4.0535
369.8		4.15298
369.9		4.25197
370		4.35046
370.1		4.44846
370.2		4.54598
370.3		4.64301
370.4		4.73955
370.5		4.83561
370.6		4.93119
370.7		5.0263
370.8		5.12093
370.9		5.21509
371		5.30878
371.1		5.402
371.2		5.49476
371.3		5.58706
371.4		5.67889
371.5		5.77027
371.6		5.86119
371.7		5.95166
371.8		6.04167
371.9		6.13124
372		6.22036
372.1		6.30904
372.2		6.39727
372.3		6.48507
372.4		6.57242
372.5		6.65934
372.6		6.74583
372.7		6.83189
372.8		6.91751
372.9		7.00271
373		7.08749
373.1		7.17184
373.2		7.25577
373.3		7.33928
373.4		7.42238
373.5		7.50506
373.6		7.58733
373.7		7.66918
373.8		7.75064
373.9		7.83168
374		7.91232
374.1		7.99256
374.2		8.07239
374.3		8.15183
374.4		8.23088
374.5		8.30953
374.6		8.38778
374.7		8.46565
374.8		8.54313
374.9		8.62022
375		8.69692
375.1		8.77325
375.2		8.84919
375.3		8.92476
375.4		8.99995
375.5		9.07476
375.6		9.1492
375.7		9.22327
375.8		9.29697
375.9		9.3703
376		9.44326
376.1		9.51587
376.2		9.58811
376.3		9.65999
376.4		9.73151
376.5		9.80267
376.6		9.87348
376.7		9.94394
376.8		10.014
376.9		10.0838
377		10.1532
377.1		10.2223
377.2		10.291
377.3		10.3594
377.4		10.4274
377.5		10.4951
377.6		10.5624
377.7		10.6295
377.8		10.6961
377.9		10.7625
378		10.8285
378.1		10.8942
378.2		10.9596
378.3		11.0246
378.4		11.0893
378.5		11.1537
378.6		11.2178
378.7		11.2815
378.8		11.345
378.9		11.4081
379		11.4709
379.1		11.5334
379.2		11.5956
379.3		11.6574
379.4		11.719
379.5		11.7802
379.6		11.8412
379.7		11.9018
379.8		11.9622
379.9		12.0222
380		12.082
380.1		12.1414
380.2		12.2005
380.3		12.2594
380.4		12.3179
380.5		12.3762
380.6		12.4342
380.7		12.4919
380.8		12.5493
380.9		12.6064
381		12.6632
381.1		12.7197
381.2		12.776
381.3		12.832
381.4		12.8877
381.5		12.9431
381.6		12.9983
381.7		13.0531
381.8		13.1077
381.9		13.1621
382		13.2161
382.1		13.2699
382.2		13.3234
382.3		13.3767
382.4		13.4296
382.5		13.4824
382.6		13.5348
382.7		13.587
382.8		13.6389
382.9		13.6906
383		13.742
383.1		13.7932
383.2		13.8441
383.3		13.8948
383.4		13.9452
383.5		13.9953
383.6		14.0452
383.7		14.0949
383.8		14.1443
383.9		14.1934
384		14.2423
384.1		14.291
384.2		14.3394
384.3		14.3876
384.4		14.4355
384.5		14.4832
384.6		14.5307
384.7		14.5779
384.8		14.6249
384.9		14.6717
385		14.7182
385.1		14.7645
385.2		14.8106
385.3		14.8564
385.4		14.902
385.5		14.9474
385.6		14.9925
385.7		15.0375
385.8		15.0822
385.9		15.1266
386		15.1709
386.1		15.2149
386.2		15.2587
386.3		15.3023
386.4		15.3457
386.5		15.3889
386.6		15.4318
386.7		15.4746
386.8		15.5171
386.9		15.5594
387		15.6015
387.1		15.6434
387.2		15.6851
387.3		15.7265
387.4		15.7678
387.5		15.8089
387.6		15.8497
387.7		15.8904
387.8		15.9308
387.9		15.971
388		16.0111
388.1		16.0509
388.2		16.0906
388.3		16.13
388.4		16.1693
388.5		16.2083
388.6		16.2472
388.7		16.2859
388.8		16.3243
388.9		16.3626
389		16.4007
389.1		16.4386
389.2		16.4763
389.3		16.5139
389.4		16.5512
389.5		16.5883
389.6		16.6253
389.7		16.6621
389.8		16.6987
389.9		16.7351
390		16.7713
390.1		16.8074
390.2		16.8433
390.3		16.879
390.4		16.9145
390.5		16.9498
390.6		16.985
390.7		17.02
390.8		17.0548
390.9		17.0894
391		17.1239
391.1		17.1582
391.2		17.1923
391.3		17.2263
391.4		17.26
391.5		17.2937
391.6		17.3271
391.7		17.3604
391.8		17.3935
391.9		17.4265
392		17.4592
392.1		17.4919
392.2		17.5243
392.3		17.5566
392.4		17.5888
392.5		17.6207
392.6		17.6525
392.7		17.6842
392.8		17.7157
392.9		17.747
393		17.7782
393.1		17.8093
393.2		17.8401
393.3		17.8709
393.4		17.9014
393.5		17.9318
393.6		17.9621
393.7		17.9922
393.8		18.0222
393.9		18.052
394		18.0817
394.1		18.1112
394.2		18.1406
394.3		18.1698
394.4		18.1989
394.5		18.2278
394.6		18.2566
394.7		18.2852
394.8		18.3137
394.9		18.3421
395		18.3703
395.1		18.3984
395.2		18.4263
395.3		18.4541
395.4		18.4818
395.5		18.5093
395.6		18.5367
395.7		18.5639
395.8		18.5911
395.9		18.618
396		18.6449
396.1		18.6716
396.2		18.6982
396.3		18.7246
396.4		18.7509
396.5		18.7771
396.6		18.8031
396.7		18.8291
396.8		18.8549
396.9		18.8805
397		18.906
397.1		18.9315
397.2		18.9567
397.3		18.9819
397.4		19.0069
397.5		19.0318
397.6		19.0566
397.7		19.0813
397.8		19.1058
397.9		19.1302
398		19.1545
398.1		19.1787
398.2		19.2027
398.3		19.2266
398.4		19.2504
398.5		19.2741
398.6		19.2977
398.7		19.3211
398.8		19.3445
398.9		19.3677
399		19.3908
399.1		19.4138
399.2		19.4367
399.3		19.4594
399.4		19.4821
399.5		19.5046
399.6		19.527
399.7		19.5493
399.8		19.5715
399.9		19.5936
400		19.6156
400.1		19.6375
400.2		19.5395
400.3		19.4421
400.4		19.3451
400.5		19.2486
400.6		19.1526
400.7		19.0571
400.8		18.962
400.9		18.8675
401		18.7734
401.1		18.6797
401.2		18.5866
401.3		18.4939
401.4		18.4016
401.5		18.3098
401.6		18.2185
401.7		18.1277
401.8		18.0373
401.9		17.9473
402		17.8578
402.1		17.7687
402.2		17.6801
402.3		17.5919
402.4		17.5042
402.5		17.4169
402.6		17.33
402.7		17.2436
402.8		17.1576
402.9		17.072
403		16.9868
403.1		16.9021
403.2		16.8178
403.3		16.7339
403.4		16.6505
403.5		16.5674
403.6		16.4848
403.7		16.4026
403.8		16.3208
403.9		16.2394
404		16.1584
404.1		16.0778
404.2		15.9976
404.3		15.9178
404.4		15.8384
404.5		15.7594
404.6		15.6808
404.7		15.6026
404.8		15.5248
404.9		15.4474
405		15.3703
405.1		15.2937
405.2		15.2174
405.3		15.1415
405.4		15.066
405.5		14.9908
405.6		14.9161
405.7		14.8417
405.8		14.7677
405.9		14.694
406		14.6207
406.1		14.5478
406.2		14.4752
406.3		14.403
406.4		14.3312
406.5		14.2597
406.6		14.1886
406.7		14.1178
406.8		14.0474
406.9		13.9774
407		13.9077
407.1		13.8383
407.2		13.7693
407.3		13.7006
407.4		13.6323
407.5		13.5643
407.6		13.4966
407.7		13.4293
407.8		13.3623
407.9		13.2957
408		13.2294
408.1		13.1634
408.2		13.0977
408.3		13.0324
408.4		12.9674
408.5		12.9027
408.6		12.8384
408.7		12.7743
408.8		12.7106
408.9		12.6472
409		12.5842
409.1		12.5214
409.2		12.4589
409.3		12.3968
409.4		12.335
409.5		12.2735
409.6		12.2122
409.7		12.1513
409.8		12.0907
409.9		12.0304
410		11.9704
410.1		11.9107
410.2		11.8513
410.3		11.7922
410.4		11.7334
410.5		11.6749
410.6		11.6166
410.7		11.5587
410.8		11.5011
410.9		11.4437
411		11.3866
411.1		11.3298
411.2		11.2733
411.3		11.2171
411.4		11.1612
411.5		11.1055
411.6		11.0501
411.7		10.995
411.8		10.9401
411.9		10.8856
412		10.8313
412.1		10.7773
412.2		10.7235
412.3		10.67
412.4		10.6168
412.5		10.5639
412.6		10.5112
412.7		10.4588
412.8		10.4066
412.9		10.3547
413		10.303
413.1		10.2517
413.2		10.2005
413.3		10.1496
413.4		10.099
413.5		10.0487
413.6		9.99854
413.7		9.94867
413.8		9.89905
413.9		9.84968
414		9.80056
414.1		9.75168
414.2		9.70304
414.3		9.65464
414.4		9.60649
414.5		9.55858
414.6		9.51091
414.7		9.46347
414.8		9.41627
414.9		9.36931
415		9.32258
415.1		9.27608
415.2		9.22982
415.3		9.18378
415.4		9.13798
415.5		9.0924
415.6		9.04705
415.7		9.00193
415.8		8.95703
415.9		8.91236
416		8.86791
416.1		8.82368
416.2		8.77967
416.3		8.73588
416.4		8.69231
416.5		8.64896
416.6		8.60582
416.7		8.5629
416.8		8.52019
416.9		8.4777
417		8.43542
417.1		8.39334
417.2		8.35148
417.3		8.30983
417.4		8.26838
417.5		8.22715
417.6		8.18611
417.7		8.14528
417.8		8.10466
417.9		8.06424
418		8.02402
418.1		7.984
418.2		7.94418
418.3		7.90455
418.4		7.86513
418.5		7.8259
418.6		7.78687
418.7		7.74803
418.8		7.70939
418.9		7.67094
419		7.63268
419.1		7.59461
419.2		7.55673
419.3		7.51904
419.4		7.48154
419.5		7.44423
419.6		7.4071
419.7		7.37016
419.8		7.3334
419.9		7.29682
420		7.26043
420.1		7.22422
420.2		7.18819
420.3		7.15234
420.4		7.11666
420.5		7.08117
420.6		7.04585
420.7		7.01071
420.8		6.97574
420.9		6.94095
421		6.90633
421.1		6.87189
421.2		6.83762
421.3		6.80351
421.4		6.76958
421.5		6.73582
421.6		6.70222
421.7		6.66879
421.8		6.63553
421.9		6.60244
422		6.56951
422.1		6.53674
422.2		6.50414
422.3		6.4717
422.4		6.43942
422.5		6.40731
422.6		6.37535
422.7		6.34355
422.8		6.31191
422.9		6.28043
423		6.24911
423.1		6.21794
423.2		6.18693
423.3		6.15607
423.4		6.12537
423.5		6.09482
423.6		6.06442
423.7		6.03417
423.8		6.00408
423.9		5.97413
424		5.94434
424.1		5.91469
424.2		5.88519
424.3		5.85584
424.4		5.82663
424.5		5.79757
424.6		5.76866
424.7		5.73988
424.8		5.71126
424.9		5.68277
425		5.65443
425.1		5.62623
425.2		5.59817
425.3		5.57025
425.4		5.54246
425.5		5.51482
425.6		5.48732
425.7		5.45995
425.8		5.43272
425.9		5.40562
426		5.37866
426.1		5.35183
426.2		5.32514
426.3		5.29858
426.4		5.27215
426.5		5.24586
426.6		5.2197
426.7		5.19366
426.8		5.16776
426.9		5.14198
427		5.11634
427.1		5.09082
427.2		5.06543
427.3		5.04017
427.4		5.01503
427.5		4.99002
427.6		4.96513
427.7		4.94036
427.8		4.91572
427.9		4.89121
428		4.86681
428.1		4.84254
428.2		4.81839
428.3		4.79435
428.4		4.77044
428.5		4.74665
428.6		4.72298
428.7		4.69942
428.8		4.67598
428.9		4.65266
429		4.62945
429.1		4.60637
429.2		4.58339
429.3		4.56053
429.4		4.53779
429.5		4.51515
429.6		4.49263
429.7		4.47023
429.8		4.44793
429.9		4.42575
430		4.40367
430.1		4.38171
430.2		4.35986
430.3		4.33811
430.4		4.31648
430.5		4.29495
430.6		4.27353
430.7		4.25221
430.8		4.231
430.9		4.2099
431		4.1889
431.1		4.16801
431.2		4.14722
431.3		4.12654
431.4		4.10596
431.5		4.08548
431.6		4.0651
431.7		4.04483
431.8		4.02465
431.9		4.00458
432		3.98461
432.1		3.96474
432.2		3.94496
432.3		3.92529
432.4		3.90571
432.5		3.88623
432.6		3.86685
432.7		3.84756
432.8		3.82837
432.9		3.80928
433		3.79028
433.1		3.77137
433.2		3.75256
433.3		3.73385
433.4		3.71522
433.5		3.69669
433.6		3.67826
433.7		3.65991
433.8		3.64166
433.9		3.6235
434		3.60542
434.1		3.58744
434.2		3.56955
434.3		3.55175
434.4		3.53403
434.5		3.5164
434.6		3.49887
434.7		3.48142
434.8		3.46405
434.9		3.44678
435		3.42958
435.1		3.41248
435.2		3.39546
435.3		3.37852
435.4		3.36167
435.5		3.34491
435.6		3.32822
435.7		3.31163
435.8		3.29511
435.9		3.27867
436		3.26232
436.1		3.24605
436.2		3.22986
436.3		3.21375
436.4		3.19772
436.5		3.18177
436.6		3.16591
436.7		3.15012
436.8		3.1344
436.9		3.11877
437		3.10322
437.1		3.08774
437.2		3.07234
437.3		3.05702
437.4		3.04177
437.5		3.0266
437.6		3.0115
437.7		2.99648
437.8		2.98154
437.9		2.96667
438		2.95187
438.1		2.93715
438.2		2.9225
438.3		2.90792
438.4		2.89342
438.5		2.87899
438.6		2.86463
438.7		2.85034
438.8		2.83613
438.9		2.82198
439		2.80791
439.1		2.7939
439.2		2.77997
439.3		2.7661
439.4		2.75231
439.5		2.73858
439.6		2.72492
439.7		2.71133
439.8		2.69781
439.9		2.68435
440		2.67096
440.1		2.65764
440.2		2.64439
440.3		2.6312
440.4		2.61807
440.5		2.60502
440.6		2.59202
440.7		2.5791
440.8		2.56623
440.9		2.55343
441		2.5407
441.1		2.52803
441.2		2.51542
441.3		2.50287
441.4		2.49039
441.5		2.47797
441.6		2.46561
441.7		2.45331
441.8		2.44108
441.9		2.4289
442		2.41679
442.1		2.40473
442.2		2.39274
442.3		2.38081
442.4		2.36893
442.5		2.35712
442.6		2.34536
442.7		2.33366
442.8		2.32202
442.9		2.31044
443		2.29892
443.1		2.28745
443.2		2.27604
443.3		2.26469
443.4		2.2534
443.5		2.24216
443.6		2.23098
443.7		2.21985
443.8		2.20878
443.9		2.19776
444		2.1868
444.1		2.17589
444.2		2.16504
444.3		2.15424
444.4		2.1435
444.5		2.13281
444.6		2.12217
444.7		2.11159
444.8		2.10105
444.9		2.09057
445		2.08015
445.1		2.06977
445.2		2.05945
445.3		2.04918
445.4		2.03896
445.5		2.02879
445.6		2.01867
445.7		2.0086
445.8		1.99858
445.9		1.98862
446		1.9787
446.1		1.96883
446.2		1.95901
446.3		1.94924
446.4		1.93952
446.5		1.92984
446.6		1.92022
446.7		1.91064
446.8		1.90111
446.9		1.89163
447		1.8822
447.1		1.87281
447.2		1.86347
447.3		1.85417
447.4		1.84493
447.5		1.83572
447.6		1.82657
447.7		1.81746
447.8		1.80839
447.9		1.79937
448		1.7904
448.1		1.78147
448.2		1.77259
448.3		1.76374
448.4		1.75495
448.5		1.74619
448.6		1.73749
448.7		1.72882
448.8		1.7202
448.9		1.71162
449		1.70308
449.1		1.69459
449.2		1.68614
449.3		1.67773
449.4		1.66936
449.5		1.66103
449.6		1.65275
449.7		1.6445
449.8		1.6363
449.9		1.62814
450		1.62002
450.1		1.61194
450.2		1.6039
450.3		1.5959
450.4		1.58794
450.5		1.58002
450.6		1.57214
450.7		1.5643
450.8		1.5565
450.9		1.54874
451		1.54101
451.1		1.53333
451.2		1.52568
451.3		1.51807
451.4		1.5105
451.5		1.50296
451.6		1.49547
451.7		1.48801
451.8		1.48059
451.9		1.4732
452		1.46586
452.1		1.45854
452.2		1.45127
452.3		1.44403
452.4		1.43683
452.5		1.42966
452.6		1.42253
452.7		1.41544
452.8		1.40838
452.9		1.40135
453		1.39436
453.1		1.38741
453.2		1.38049
453.3		1.37361
453.4		1.36675
453.5		1.35994
453.6		1.35316
453.7		1.34641
453.8		1.33969
453.9		1.33301
454		1.32636
454.1		1.31975
454.2		1.31316
454.3		1.30661
454.4		1.3001
454.5		1.29361
454.6		1.28716
454.7		1.28074
454.8		1.27435
454.9		1.268
455		1.26167
455.1		1.25538
455.2		1.24912
455.3		1.24289
455.4		1.23669
455.5		1.23052
455.6		1.22439
455.7		1.21828
455.8		1.2122
455.9		1.20616
456		1.20014
456.1		1.19416
456.2		1.1882
456.3		1.18227
456.4		1.17638
456.5		1.17051
456.6		1.16467
456.7		1.15886
456.8		1.15308
456.9		1.14733
457		1.14161
457.1		1.13592
457.2		1.13025
457.3		1.12461
457.4		1.119
457.5		1.11342
457.6		1.10787
457.7		1.10234
457.8		1.09685
457.9		1.09138
458		1.08593
458.1		1.08052
458.2		1.07513
458.3		1.06977
458.4		1.06443
458.5		1.05912
458.6		1.05384
458.7		1.04858
458.8		1.04335
458.9		1.03815
459		1.03297
459.1		1.02782
459.2		1.02269
459.3		1.01759
459.4		1.01252
459.5		1.00747
459.6		1.00244
459.7		0.997442
459.8		0.992468
459.9		0.987518
460		0.982592
460.1		0.977692
460.2		0.972815
460.3		0.967964
460.4		0.963136
460.5		0.958332
460.6		0.953552
460.7		0.948797
460.8		0.944064
460.9		0.939356
461		0.934671
461.1		0.930009
461.2		0.925371
461.3		0.920755
461.4		0.916163
461.5		0.911594
461.6		0.907047
461.7		0.902523
461.8		0.898022
461.9		0.893543
462		0.889086
462.1		0.884652
462.2		0.88024
462.3		0.87585
462.4		0.871481
462.5		0.867135
462.6		0.86281
462.7		0.858507
462.8		0.854225
462.9		0.849964
463		0.845725
463.1		0.841507
463.2		0.83731
463.3		0.833134
463.4		0.828979
463.5		0.824844
463.6		0.82073
463.7		0.816637
463.8		0.812564
463.9		0.808511
464		0.804479
464.1		0.800466
464.2		0.796474
464.3		0.792501
464.4		0.788549
464.5		0.784616
464.6		0.780703
464.7		0.776809
464.8		0.772935
464.9		0.76908
465		0.765244
465.1		0.761427
465.2		0.757629
465.3		0.753851
465.4		0.750091
465.5		0.74635
465.6		0.742627
465.7		0.738923
465.8		0.735238
465.9		0.731571
466		0.727922
466.1		0.724292
466.2		0.720679
466.3		0.717085
466.4		0.713509
466.5		0.70995
466.6		0.706409
466.7		0.702886
466.8		0.69938
466.9		0.695892
467		0.692421
467.1		0.688968
467.2		0.685531
467.3		0.682112
467.4		0.67871
467.5		0.675325
467.6		0.671957
467.7		0.668606
467.8		0.665271
467.9		0.661953
468		0.658651
468.1		0.655366
468.2		0.652098
468.3		0.648845
468.4		0.645609
468.5		0.642389
468.6		0.639185
468.7		0.635997
468.8		0.632825
468.9		0.629669
469		0.626529
469.1		0.623404
469.2		0.620295
469.3		0.617201
469.4		0.614122
469.5		0.61106
469.6		0.608012
469.7		0.604979
469.8		0.601962
469.9		0.59896
470		0.595972
470.1		0.593
470.2		0.590042
470.3		0.5871
470.4		0.584171
470.5		0.581258
470.6		0.578359
470.7		0.575474
470.8		0.572604
470.9		0.569748
471		0.566906
471.1		0.564079
471.2		0.561266
471.3		0.558466
471.4		0.555681
471.5		0.55291
471.6		0.550152
471.7		0.547408
471.8		0.544678
471.9		0.541961
472		0.539258
472.1		0.536569
472.2		0.533892
472.3		0.53123
472.4		0.52858
472.5		0.525944
472.6		0.523321
472.7		0.520711
472.8		0.518114
472.9		0.515529
473		0.512958
473.1		0.5104
473.2		0.507854
473.3		0.505321
473.4		0.502801
473.5		0.500293
473.6		0.497798
473.7		0.495315
473.8		0.492845
473.9		0.490387
474		0.487941
474.1		0.485507
474.2		0.483086
474.3		0.480676
474.4		0.478279
474.5		0.475894
474.6		0.47352
474.7		0.471158
474.8		0.468809
474.9		0.46647
475		0.464144
475.1		0.461829
475.2		0.459525
475.3		0.457234
475.4		0.454953
475.5		0.452684
475.6		0.450426
475.7		0.44818
475.8		0.445944
475.9		0.44372
476		0.441507
476.1		0.439305
476.2		0.437114
476.3		0.434934
476.4		0.432765
476.5		0.430606
476.6		0.428459
476.7		0.426322
476.8		0.424195
476.9		0.42208
477		0.419975
477.1		0.41788
477.2		0.415796
477.3		0.413722
477.4		0.411659
477.5		0.409605
477.6		0.407563
477.7		0.40553
477.8		0.403507
477.9		0.401495
478		0.399492
478.1		0.3975
478.2		0.395517
478.3		0.393545
478.4		0.391582
478.5		0.389629
478.6		0.387685
478.7		0.385752
478.8		0.383828
478.9		0.381914
479		0.380009
479.1		0.378113
479.2		0.376228
479.3		0.374351
479.4		0.372484
479.5		0.370626
479.6		0.368778
479.7		0.366939
479.8		0.365108
479.9		0.363287
480		0.361476
480.1		0.359673
480.2		0.357879
480.3		0.356094
480.4		0.354318
480.5		0.352551
480.6		0.350792
480.7		0.349043
480.8		0.347302
480.9		0.34557
481		0.343846
481.1		0.342131
481.2		0.340425
481.3		0.338727
481.4		0.337038
481.5		0.335357
481.6		0.333684
481.7		0.33202
481.8		0.330364
481.9		0.328716
482		0.327077
482.1		0.325445
482.2		0.323822
482.3		0.322207
482.4		0.3206
482.5		0.319001
482.6		0.31741
482.7		0.315827
482.8		0.314252
482.9		0.312684
483		0.311125
483.1		0.309573
483.2		0.308029
483.3		0.306493
483.4		0.304964
483.5		0.303443
483.6		0.30193
483.7		0.300424
483.8		0.298926
483.9		0.297435
484		0.295951
484.1		0.294475
484.2		0.293006
484.3		0.291545
484.4		0.290091
484.5		0.288644
484.6		0.287204
484.7		0.285772
484.8		0.284347
484.9		0.282929
485		0.281517
485.1		0.280113
485.2		0.278716
485.3		0.277326
485.4		0.275943
485.5		0.274567
485.6		0.273197
485.7		0.271835
485.8		0.270479
485.9		0.26913
486		0.267788
486.1		0.266452
486.2		0.265123
486.3		0.263801
486.4		0.262485
486.5		0.261176
486.6		0.259873
486.7		0.258577
486.8		0.257288
486.9		0.256004
487		0.254728
487.1		0.253457
487.2		0.252193
487.3		0.250935
487.4		0.249684
487.5		0.248438
487.6		0.247199
487.7		0.245966
487.8		0.24474
487.9		0.243519
488		0.242304
488.1		0.241096
488.2		0.239893
488.3		0.238697
488.4		0.237506
488.5		0.236322
488.6		0.235143
488.7		0.23397
488.8		0.232803
488.9		0.231642
489		0.230487
489.1		0.229337
489.2		0.228194
489.3		0.227055
489.4		0.225923
489.5		0.224796
489.6		0.223675
489.7		0.222559
489.8		0.221449
489.9		0.220345
490		0.219246
490.1		0.218153
490.2		0.217064
490.3		0.215982
490.4		0.214905
490.5		0.213833
490.6		0.212766
490.7		0.211705
490.8		0.210649
490.9		0.209599
491		0.208553
491.1		0.207513
491.2		0.206478
491.3		0.205448
491.4		0.204424
491.5		0.203404
491.6		0.20239
491.7		0.20138
491.8		0.200376
491.9		0.199376
492		0.198382
492.1		0.197393
492.2		0.196408
492.3		0.195428
492.4		0.194454
492.5		0.193484
492.6		0.192519
492.7		0.191559
492.8		0.190603
492.9		0.189653
493		0.188707
493.1		0.187766
493.2		0.186829
493.3		0.185897
493.4		0.18497
493.5		0.184048
493.6		0.18313
493.7		0.182216
493.8		0.181307
493.9		0.180403
494		0.179503
494.1		0.178608
494.2		0.177717
494.3		0.176831
494.4		0.175949
494.5		0.175071
494.6		0.174198
494.7		0.173329
494.8		0.172465
494.9		0.171605
495		0.170749
495.1		0.169897
495.2		0.16905
495.3		0.168207
495.4		0.167368
495.5		0.166533
495.6		0.165703
495.7		0.164876
495.8		0.164054
495.9		0.163236
496		0.162421
496.1		0.161611
496.2		0.160805
496.3		0.160003
496.4		0.159205
496.5		0.158411
496.6		0.157621
496.7		0.156835
496.8		0.156053
496.9		0.155274
497		0.1545
497.1		0.153729
497.2		0.152963
497.3		0.1522
497.4		0.151441
497.5		0.150685
497.6		0.149934
497.7		0.149186
497.8		0.148442
497.9		0.147702
498		0.146965
498.1		0.146232
498.2		0.145503
498.3		0.144777
498.4		0.144055
498.5		0.143336
498.6		0.142622
498.7		0.14191
498.8		0.141202
498.9		0.140498
499		0.139797
499.1		0.1391
499.2		0.138406
499.3		0.137716
499.4		0.137029
499.5		0.136346
499.6		0.135666
499.7		0.134989
499.8		0.134316
499.9		0.133646
500		0.132979
500.1		0.132316
