SIMULATION : Neuron membrane potential over time 0.1

The time incrementation between each measure is : 0.1 ms
Total simulation time : 500.2 ms

Time (ms) 	 V (mV) 
0		0
0.1		0
0.2		0
0.3		0
0.4		0
0.5		0
0.6		0
0.7		0
0.8		0
0.9		0
1		0
1.1		0
1.2		0
1.3		0
1.4		0
1.5		0
1.6		0
1.7		0
1.8		0
1.9		0
2		0
2.1		0
2.2		0
2.3		0
2.4		0
2.5		0
2.6		0
2.7		0
2.8		0
2.9		0
3		0
3.1		0
3.2		0
3.3		0
3.4		0
3.5		0
3.6		0
3.7		0
3.8		0
3.9		0
4		0
4.1		0
4.2		0
4.3		0
4.4		0
4.5		0
4.6		0
4.7		0
4.8		0
4.9		0
5		0
5.1		0
5.2		0
5.3		0
5.4		0
5.5		0
5.6		0
5.7		0
5.8		0
5.9		0
6		0
6.1		0
6.2		0
6.3		0
6.4		0
6.5		0
6.6		0
6.7		0
6.8		0
6.9		0
7		0
7.1		0
7.2		0
7.3		0
7.4		0
7.5		0
7.6		0
7.7		0
7.8		0
7.9		0
8		0
8.1		0
8.2		0
8.3		0
8.4		0
8.5		0
8.6		0
8.7		0
8.8		0
8.9		0
9		0
9.1		0
9.2		0
9.3		0
9.4		0
9.5		0
9.6		0
9.7		0
9.8		0
9.9		0
10		0
10.1		0
10.2		0
10.3		0
10.4		0
10.5		0
10.6		0
10.7		0
10.8		0
10.9		0
11		0
11.1		0
11.2		0
11.3		0
11.4		0
11.5		0
11.6		0
11.7		0
11.8		0
11.9		0
12		0
12.1		0
12.2		0
12.3		0
12.4		0
12.5		0
12.6		0
12.7		0
12.8		0
12.9		0
13		0
13.1		0
13.2		0
13.3		0
13.4		0
13.5		0
13.6		0
13.7		0
13.8		0
13.9		0
14		0
14.1		0
14.2		0
14.3		0
14.4		0
14.5		0
14.6		0
14.7		0
14.8		0
14.9		0
15		0
15.1		0
15.2		0
15.3		0
15.4		0
15.5		0
15.6		0
15.7		0
15.8		0
15.9		0
16		0
16.1		0
16.2		0
16.3		0
16.4		0
16.5		0
16.6		0
16.7		0
16.8		0
16.9		0
17		0
17.1		0
17.2		0
17.3		0
17.4		0
17.5		0
17.6		0
17.7		0
17.8		0
17.9		0
18		0
18.1		0
18.2		0
18.3		0
18.4		0
18.5		0
18.6		0
18.7		0
18.8		0
18.9		0
19		0
19.1		0
19.2		0
19.3		0
19.4		0
19.5		0
19.6		0
19.7		0
19.8		0
19.9		0
20		0
20.1		0
20.2		0
20.3		0
20.4		0
20.5		0
20.6		0
20.7		0
20.8		0
20.9		0
21		0
21.1		0
21.2		0
21.3		0
21.4		0
21.5		0
21.6		0
21.7		0
21.8		0
21.9		0
22		0
22.1		0
22.2		0
22.3		0
22.4		0
22.5		0
22.6		0
22.7		0
22.8		0
22.9		0
23		0
23.1		0
23.2		0
23.3		0
23.4		0
23.5		0
23.6		0
23.7		0
23.8		0
23.9		0
24		0
24.1		0
24.2		0
24.3		0
24.4		0
24.5		0
24.6		0
24.7		0
24.8		0
24.9		0
25		0
25.1		0
25.2		0
25.3		0
25.4		0
25.5		0
25.6		0
25.7		0
25.8		0
25.9		0
26		0
26.1		0
26.2		0
26.3		0
26.4		0
26.5		0
26.6		0
26.7		0
26.8		0
26.9		0
27		0
27.1		0
27.2		0
27.3		0
27.4		0
27.5		0
27.6		0
27.7		0
27.8		0
27.9		0
28		0
28.1		0
28.2		0
28.3		0
28.4		0
28.5		0
28.6		0
28.7		0
28.8		0
28.9		0
29		0
29.1		0
29.2		0
29.3		0
29.4		0
29.5		0
29.6		0
29.7		0
29.8		0
29.9		0
30		0
30.1		0
30.2		0
30.3		0
30.4		0
30.5		0
30.6		0
30.7		0
30.8		0
30.9		0
31		0
31.1		0
31.2		0
31.3		0
31.4		0
31.5		0
31.6		0
31.7		0
31.8		0
31.9		0
32		0
32.1		0
32.2		0
32.3		0
32.4		0
32.5		0
32.6		0
32.7		0
32.8		0
32.9		0
33		0
33.1		0
33.2		0
33.3		0
33.4		0
33.5		0
33.6		0
33.7		0
33.8		0
33.9		0
34		0
34.1		0
34.2		0
34.3		0
34.4		0
34.5		0
34.6		0
34.7		0
34.8		0
34.9		0
35		0
35.1		0
35.2		0
35.3		0
35.4		0
35.5		0
35.6		0
35.7		0
35.8		0
35.9		0
36		0
36.1		0
36.2		0
36.3		0
36.4		0
36.5		0
36.6		0
36.7		0
36.8		0
36.9		0
37		0
37.1		0
37.2		0
37.3		0
37.4		0
37.5		0
37.6		0
37.7		0
37.8		0
37.9		0
38		0
38.1		0
38.2		0
38.3		0
38.4		0
38.5		0
38.6		0
38.7		0
38.8		0
38.9		0
39		0
39.1		0
39.2		0
39.3		0
39.4		0
39.5		0
39.6		0
39.7		0
39.8		0
39.9		0
40		0
40.1		0
40.2		0
40.3		0
40.4		0
40.5		0
40.6		0
40.7		0
40.8		0
40.9		0
41		0
41.1		0
41.2		0
41.3		0
41.4		0
41.5		0
41.6		0
41.7		0
41.8		0
41.9		0
42		0
42.1		0
42.2		0
42.3		0
42.4		0
42.5		0
42.6		0
42.7		0
42.8		0
42.9		0
43		0
43.1		0
43.2		0
43.3		0
43.4		0
43.5		0
43.6		0
43.7		0
43.8		0
43.9		0
44		0
44.1		0
44.2		0
44.3		0
44.4		0
44.5		0
44.6		0
44.7		0
44.8		0
44.9		0
45		0
45.1		0
45.2		0
45.3		0
45.4		0
45.5		0
45.6		0
45.7		0
45.8		0
45.9		0
46		0
46.1		0
46.2		0
46.3		0
46.4		0
46.5		0
46.6		0
46.7		0
46.8		0
46.9		0
47		0
47.1		0
47.2		0
47.3		0
47.4		0
47.5		0
47.6		0
47.7		0
47.8		0
47.9		0
48		0
48.1		0
48.2		0
48.3		0
48.4		0
48.5		0
48.6		0
48.7		0
48.8		0
48.9		0
49		0
49.1		0
49.2		0
49.3		0
49.4		0
49.5		0
49.6		0
49.7		0
49.8		0
49.9		0
50		0
50.1		0
50.2		0
50.3		0
50.4		0
50.5		0
50.6		0
50.7		0
50.8		0
50.9		0
51		0
51.1		0
51.2		0
51.3		0
51.4		0
51.5		0
51.6		0
51.7		0
51.8		0
51.9		0
52		0
52.1		0
52.2		0
52.3		0
52.4		0
52.5		0
52.6		0
52.7		0
52.8		0
52.9		0
53		0
53.1		0
53.2		0
53.3		0
53.4		0
53.5		0
53.6		0
53.7		0
53.8		0
53.9		0
54		0
54.1		0
54.2		0
54.3		0
54.4		0
54.5		0
54.6		0
54.7		0
54.8		0
54.9		0
55		0
55.1		0
55.2		0
55.3		0
55.4		0
55.5		0
55.6		0
55.7		0
55.8		0
55.9		0
56		0
56.1		0
56.2		0
56.3		0
56.4		0
56.5		0
56.6		0
56.7		0
56.8		0
56.9		0
57		0
57.1		0
57.2		0
57.3		0
57.4		0
57.5		0
57.6		0
57.7		0
57.8		0
57.9		0
58		0
58.1		0
58.2		0
58.3		0
58.4		0
58.5		0
58.6		0
58.7		0
58.8		0
58.9		0
59		0
59.1		0
59.2		0
59.3		0
59.4		0
59.5		0
59.6		0
59.7		0
59.8		0
59.9		0
60		0
60.1		0
60.2		0
60.3		0
60.4		0
60.5		0
60.6		0
60.7		0
60.8		0
60.9		0
61		0
61.1		0
61.2		0
61.3		0
61.4		0
61.5		0
61.6		0
61.7		0
61.8		0
61.9		0
62		0
62.1		0
62.2		0
62.3		0
62.4		0
62.5		0
62.6		0
62.7		0
62.8		0
62.9		0
63		0
63.1		0
63.2		0
63.3		0
63.4		0
63.5		0
63.6		0
63.7		0
63.8		0
63.9		0
64		0
64.1		0
64.2		0
64.3		0
64.4		0
64.5		0
64.6		0
64.7		0
64.8		0
64.9		0
65		0
65.1		0
65.2		0
65.3		0
65.4		0
65.5		0
65.6		0
65.7		0
65.8		0
65.9		0
66		0
66.1		0
66.2		0
66.3		0
66.4		0
66.5		0
66.6		0
66.7		0
66.8		0
66.9		0
67		0
67.1		0
67.2		0
67.3		0
67.4		0
67.5		0
67.6		0
67.7		0
67.8		0
67.9		0
68		0
68.1		0
68.2		0
68.3		0
68.4		0
68.5		0
68.6		0
68.7		0
68.8		0
68.9		0
69		0
69.1		0
69.2		0
69.3		0
69.4		0
69.5		0
69.6		0
69.7		0
69.8		0
69.9		0
70		0
70.1		0
70.2		0
70.3		0
70.4		0
70.5		0
70.6		0
70.7		0
70.8		0
70.9		0
71		0
71.1		0
71.2		0
71.3		0
71.4		0
71.5		0
71.6		0
71.7		0
71.8		0
71.9		0
72		0
72.1		0
72.2		0
72.3		0
72.4		0
72.5		0
72.6		0
72.7		0
72.8		0
72.9		0
73		0
73.1		0
73.2		0
73.3		0
73.4		0
73.5		0
73.6		0
73.7		0
73.8		0
73.9		0
74		0
74.1		0
74.2		0
74.3		0
74.4		0
74.5		0
74.6		0
74.7		0
74.8		0
74.9		0
75		0
75.1		0
75.2		0
75.3		0
75.4		0
75.5		0
75.6		0
75.7		0
75.8		0
75.9		0
76		0
76.1		0
76.2		0
76.3		0
76.4		0
76.5		0
76.6		0
76.7		0
76.8		0
76.9		0
77		0
77.1		0
77.2		0
77.3		0
77.4		0
77.5		0
77.6		0
77.7		0
77.8		0
77.9		0
78		0
78.1		0
78.2		0
78.3		0
78.4		0
78.5		0
78.6		0
78.7		0
78.8		0
78.9		0
79		0
79.1		0
79.2		0
79.3		0
79.4		0
79.5		0
79.6		0
79.7		0
79.8		0
79.9		0
80		0
80.1		0
80.2		0
80.3		0
80.4		0
80.5		0
80.6		0
80.7		0
80.8		0
80.9		0
81		0
81.1		0
81.2		0
81.3		0
81.4		0
81.5		0
81.6		0
81.7		0
81.8		0
81.9		0
82		0
82.1		0
82.2		0
82.3		0
82.4		0
82.5		0
82.6		0
82.7		0
82.8		0
82.9		0
83		0
83.1		0
83.2		0
83.3		0
83.4		0
83.5		0
83.6		0
83.7		0
83.8		0
83.9		0
84		0
84.1		0
84.2		0
84.3		0
84.4		0
84.5		0
84.6		0
84.7		0
84.8		0
84.9		0
85		0
85.1		0
85.2		0
85.3		0
85.4		0
85.5		0
85.6		0
85.7		0
85.8		0
85.9		0
86		0
86.1		0
86.2		0
86.3		0
86.4		0
86.5		0
86.6		0
86.7		0
86.8		0
86.9		0
87		0
87.1		0
87.2		0
87.3		0
87.4		0
87.5		0
87.6		0
87.7		0
87.8		0
87.9		0
88		0
88.1		0
88.2		0
88.3		0
88.4		0
88.5		0
88.6		0
88.7		0
88.8		0
88.9		0
89		0
89.1		0
89.2		0
89.3		0
89.4		0
89.5		0
89.6		0
89.7		0
89.8		0
89.9		0
90		0
90.1		0
90.2		0
90.3		0
90.4		0
90.5		0
90.6		0
90.7		0
90.8		0
90.9		0
91		0
91.1		0
91.2		0
91.3		0
91.4		0
91.5		0
91.6		0
91.7		0
91.8		0
91.9		0
92		0
92.1		0
92.2		0
92.3		0
92.4		0
92.5		0
92.6		0
92.7		0
92.8		0
92.9		0
93		0
93.1		0
93.2		0
93.3		0
93.4		0
93.5		0
93.6		0
93.7		0
93.8		0
93.9		0
94		0
94.1		0
94.2		0
94.3		0
94.4		0
94.5		0
94.6		0
94.7		0
94.8		0
94.9		0
95		0
95.1		0
95.2		0
95.3		0
95.4		0
95.5		0
95.6		0
95.7		0
95.8		0
95.9		0
96		0
96.1		0
96.2		0
96.3		0
96.4		0
96.5		0
96.6		0
96.7		0
96.8		0
96.9		0
97		0
97.1		0
97.2		0
97.3		0
97.4		0
97.5		0
97.6		0
97.7		0
97.8		0
97.9		0
98		0
98.1		0
98.2		0
98.3		0
98.4		0
98.5		0
98.6		0
98.7		0
98.8		0
98.9		0
99		0
99.1		0
99.2		0
99.3		0
99.4		0
99.5		0
99.6		0
99.7		0
99.8		0
99.9		0
100		0
100.1		0.1197
100.2		0.238804
100.3		0.357313
100.4		0.475232
100.5		0.592562
100.6		0.709307
100.7		0.82547
100.8		0.941053
100.9		1.05606
101		1.17049
101.1		1.28436
101.2		1.39765
101.3		1.51038
101.4		1.62255
101.5		1.73416
101.6		1.84521
101.7		1.95571
101.8		2.06565
101.9		2.17505
102		2.2839
102.1		2.39221
102.2		2.49998
102.3		2.60721
102.4		2.71391
102.5		2.82007
102.6		2.92571
102.7		3.03082
102.8		3.1354
102.9		3.23946
103		3.34301
103.1		3.44604
103.2		3.54855
103.3		3.65055
103.4		3.75204
103.5		3.85303
103.6		3.95351
103.7		4.0535
103.8		4.15298
103.9		4.25197
104		4.35046
104.1		4.44846
104.2		4.54598
104.3		4.64301
104.4		4.73955
104.5		4.83561
104.6		4.93119
104.7		5.0263
104.8		5.12093
104.9		5.21509
105		5.30878
105.1		5.402
105.2		5.49476
105.3		5.58706
105.4		5.67889
105.5		5.77027
105.6		5.86119
105.7		5.95166
105.8		6.04167
105.9		6.13124
106		6.22036
106.1		6.30904
106.2		6.39727
106.3		6.48507
106.4		6.57242
106.5		6.65934
106.6		6.74583
106.7		6.83189
106.8		6.91751
106.9		7.00271
107		7.08749
107.1		7.17184
107.2		7.25577
107.3		7.33928
107.4		7.42238
107.5		7.50506
107.6		7.58733
107.7		7.66918
107.8		7.75064
107.9		7.83168
108		7.91232
108.1		7.99256
108.2		8.07239
108.3		8.15183
108.4		8.23088
108.5		8.30953
108.6		8.38778
108.7		8.46565
108.8		8.54313
108.9		8.62022
109		8.69692
109.1		8.77325
109.2		8.84919
109.3		8.92476
109.4		8.99995
109.5		9.07476
109.6		9.1492
109.7		9.22327
109.8		9.29697
109.9		9.3703
110		9.44326
110.1		9.51587
110.2		9.58811
110.3		9.65999
110.4		9.73151
110.5		9.80267
110.6		9.87348
110.7		9.94394
110.8		10.014
110.9		10.0838
111		10.1532
111.1		10.2223
111.2		10.291
111.3		10.3594
111.4		10.4274
111.5		10.4951
111.6		10.5624
111.7		10.6295
111.8		10.6961
111.9		10.7625
112		10.8285
112.1		10.8942
112.2		10.9596
112.3		11.0246
112.4		11.0893
112.5		11.1537
112.6		11.2178
112.7		11.2815
112.8		11.345
112.9		11.4081
113		11.4709
113.1		11.5334
113.2		11.5956
113.3		11.6574
113.4		11.719
113.5		11.7802
113.6		11.8412
113.7		11.9018
113.8		11.9622
113.9		12.0222
114		12.082
114.1		12.1414
114.2		12.2005
114.3		12.2594
114.4		12.3179
114.5		12.3762
114.6		12.4342
114.7		12.4919
114.8		12.5493
114.9		12.6064
115		12.6632
115.1		12.7197
115.2		12.776
115.3		12.832
115.4		12.8877
115.5		12.9431
115.6		12.9983
115.7		13.0531
115.8		13.1077
115.9		13.1621
116		13.2161
116.1		13.2699
116.2		13.3234
116.3		13.3767
116.4		13.4296
116.5		13.4824
116.6		13.5348
116.7		13.587
116.8		13.6389
116.9		13.6906
117		13.742
117.1		13.7932
117.2		13.8441
117.3		13.8948
117.4		13.9452
117.5		13.9953
117.6		14.0452
117.7		14.0949
117.8		14.1443
117.9		14.1934
118		14.2423
118.1		14.291
118.2		14.3394
118.3		14.3876
118.4		14.4355
118.5		14.4832
118.6		14.5307
118.7		14.5779
118.8		14.6249
118.9		14.6717
119		14.7182
119.1		14.7645
119.2		14.8106
119.3		14.8564
119.4		14.902
119.5		14.9474
119.6		14.9925
119.7		15.0375
119.8		15.0822
119.9		15.1266
120		15.1709
120.1		15.2149
120.2		15.2587
120.3		15.3023
120.4		15.3457
120.5		15.3889
120.6		15.4318
120.7		15.4746
120.8		15.5171
120.9		15.5594
121		15.6015
121.1		15.6434
121.2		15.6851
121.3		15.7265
121.4		15.7678
121.5		15.8089
121.6		15.8497
121.7		15.8904
121.8		15.9308
121.9		15.971
122		16.0111
122.1		16.0509
122.2		16.0906
122.3		16.13
122.4		16.1693
122.5		16.2083
122.6		16.2472
122.7		16.2859
122.8		16.3243
122.9		16.3626
123		16.4007
123.1		16.4386
123.2		16.4763
123.3		16.5139
123.4		16.5512
123.5		16.5883
123.6		16.6253
123.7		16.6621
123.8		16.6987
123.9		16.7351
124		16.7713
124.1		16.8074
124.2		16.8433
124.3		16.879
124.4		16.9145
124.5		16.9498
124.6		16.985
124.7		17.02
124.8		17.0548
124.9		17.0894
125		17.1239
125.1		17.1582
125.2		17.1923
125.3		17.2263
125.4		17.26
125.5		17.2937
125.6		17.3271
125.7		17.3604
125.8		17.3935
125.9		17.4265
126		17.4592
126.1		17.4919
126.2		17.5243
126.3		17.5566
126.4		17.5888
126.5		17.6207
126.6		17.6525
126.7		17.6842
126.8		17.7157
126.9		17.747
127		17.7782
127.1		17.8093
127.2		17.8401
127.3		17.8709
127.4		17.9014
127.5		17.9318
127.6		17.9621
127.7		17.9922
127.8		18.0222
127.9		18.052
128		18.0817
128.1		18.1112
128.2		18.1406
128.3		18.1698
128.4		18.1989
128.5		18.2278
128.6		18.2566
128.7		18.2852
128.8		18.3137
128.9		18.3421
129		18.3703
129.1		18.3984
129.2		18.4263
129.3		18.4541
129.4		18.4818
129.5		18.5093
129.6		18.5367
129.7		18.5639
129.8		18.5911
129.9		18.618
130		18.6449
130.1		18.6716
130.2		18.6982
130.3		18.7246
130.4		18.7509
130.5		18.7771
130.6		18.8031
130.7		18.8291
130.8		18.8549
130.9		18.8805
131		18.906
131.1		18.9315
131.2		18.9567
131.3		18.9819
131.4		19.0069
131.5		19.0318
131.6		19.0566
131.7		19.0813
131.8		19.1058
131.9		19.1302
132		19.1545
132.1		19.1787
132.2		19.2027
132.3		19.2266
132.4		19.2504
132.5		19.2741
132.6		19.2977
132.7		19.3211
132.8		19.3445
132.9		19.3677
133		19.3908
133.1		19.4138
133.2		19.4367
133.3		19.4594
133.4		19.4821
133.5		19.5046
133.6		19.527
133.7		19.5493
133.8		19.5715
133.9		19.5936
134		19.6156
134.1		19.6375
134.2		19.6592
134.3		19.6809
134.4		19.7024
134.5		19.7238
134.6		19.7452
134.7		19.7664
134.8		19.7875
134.9		19.8085
135		19.8294
135.1		19.8502
135.2		19.8709
135.3		19.8915
135.4		19.912
135.5		19.9324
135.6		19.9527
135.7		19.9729
135.8		19.993
135.9		0
136		0
136.1		0
136.2		0
136.3		0
136.4		0
136.5		0
136.6		0
136.7		0
136.8		0
136.9		0
137		0
137.1		0
137.2		0
137.3		0
137.4		0
137.5		0
137.6		0
137.7		0
137.8		0
137.9		0
138		0
138.1		0
138.2		0.1197
138.3		0.238804
138.4		0.357313
138.5		0.475232
138.6		0.592562
138.7		0.709307
138.8		0.82547
138.9		0.941053
139		1.05606
139.1		1.17049
139.2		1.28436
139.3		1.39765
139.4		1.51038
139.5		1.62255
139.6		1.73416
139.7		1.84521
139.8		1.95571
139.9		2.06565
140		2.17505
140.1		2.2839
140.2		2.39221
140.3		2.49998
140.4		2.60721
140.5		2.71391
140.6		2.82007
140.7		2.92571
140.8		3.03082
140.9		3.1354
141		3.23946
141.1		3.34301
141.2		3.44604
141.3		3.54855
141.4		3.65055
141.5		3.75204
141.6		3.85303
141.7		3.95351
141.8		4.0535
141.9		4.15298
142		4.25197
142.1		4.35046
142.2		4.44846
142.3		4.54598
142.4		4.64301
142.5		4.73955
142.6		4.83561
142.7		4.93119
142.8		5.0263
142.9		5.12093
143		5.21509
143.1		5.30878
143.2		5.402
143.3		5.49476
143.4		5.58706
143.5		5.67889
143.6		5.77027
143.7		5.86119
143.8		5.95166
143.9		6.04167
144		6.13124
144.1		6.22036
144.2		6.30904
144.3		6.39727
144.4		6.48507
144.5		6.57242
144.6		6.65934
144.7		6.74583
144.8		6.83189
144.9		6.91751
145		7.00271
145.1		7.08749
145.2		7.17184
145.3		7.25577
145.4		7.33928
145.5		7.42238
145.6		7.50506
145.7		7.58733
145.8		7.66918
145.9		7.75064
146		7.83168
146.1		7.91232
146.2		7.99256
146.3		8.07239
146.4		8.15183
146.5		8.23088
146.6		8.30953
146.7		8.38778
146.8		8.46565
146.9		8.54313
147		8.62022
147.1		8.69692
147.2		8.77325
147.3		8.84919
147.4		8.92476
147.5		8.99995
147.6		9.07476
147.7		9.1492
147.8		9.22327
147.9		9.29697
148		9.3703
148.1		9.44326
148.2		9.51587
148.3		9.58811
148.4		9.65999
148.5		9.73151
148.6		9.80267
148.7		9.87348
148.8		9.94394
148.9		10.014
149		10.0838
149.1		10.1532
149.2		10.2223
149.3		10.291
149.4		10.3594
149.5		10.4274
149.6		10.4951
149.7		10.5624
149.8		10.6295
149.9		10.6961
150		10.7625
150.1		10.8285
150.2		10.8942
150.3		10.9596
150.4		11.0246
150.5		11.0893
150.6		11.1537
150.7		11.2178
150.8		11.2815
150.9		11.345
151		11.4081
151.1		11.4709
151.2		11.5334
151.3		11.5956
151.4		11.6574
151.5		11.719
151.6		11.7802
151.7		11.8412
151.8		11.9018
151.9		11.9622
152		12.0222
152.1		12.082
152.2		12.1414
152.3		12.2005
152.4		12.2594
152.5		12.3179
152.6		12.3762
152.7		12.4342
152.8		12.4919
152.9		12.5493
153		12.6064
153.1		12.6632
153.2		12.7197
153.3		12.776
153.4		12.832
153.5		12.8877
153.6		12.9431
153.7		12.9983
153.8		13.0531
153.9		13.1077
154		13.1621
154.1		13.2161
154.2		13.2699
154.3		13.3234
154.4		13.3767
154.5		13.4296
154.6		13.4824
154.7		13.5348
154.8		13.587
154.9		13.6389
155		13.6906
155.1		13.742
155.2		13.7932
155.3		13.8441
155.4		13.8948
155.5		13.9452
155.6		13.9953
155.7		14.0452
155.8		14.0949
155.9		14.1443
156		14.1934
156.1		14.2423
156.2		14.291
156.3		14.3394
156.4		14.3876
156.5		14.4355
156.6		14.4832
156.7		14.5307
156.8		14.5779
156.9		14.6249
157		14.6717
157.1		14.7182
157.2		14.7645
157.3		14.8106
157.4		14.8564
157.5		14.902
157.6		14.9474
157.7		14.9925
157.8		15.0375
157.9		15.0822
158		15.1266
158.1		15.1709
158.2		15.2149
158.3		15.2587
158.4		15.3023
158.5		15.3457
158.6		15.3889
158.7		15.4318
158.8		15.4746
158.9		15.5171
159		15.5594
159.1		15.6015
159.2		15.6434
159.3		15.6851
159.4		15.7265
159.5		15.7678
159.6		15.8089
159.7		15.8497
159.8		15.8904
159.9		15.9308
160		15.971
160.1		16.0111
160.2		16.0509
160.3		16.0906
160.4		16.13
160.5		16.1693
160.6		16.2083
160.7		16.2472
160.8		16.2859
160.9		16.3243
161		16.3626
161.1		16.4007
161.2		16.4386
161.3		16.4763
161.4		16.5139
161.5		16.5512
161.6		16.5883
161.7		16.6253
161.8		16.6621
161.9		16.6987
162		16.7351
162.1		16.7713
162.2		16.8074
162.3		16.8433
162.4		16.879
162.5		16.9145
162.6		16.9498
162.7		16.985
162.8		17.02
162.9		17.0548
163		17.0894
163.1		17.1239
163.2		17.1582
163.3		17.1923
163.4		17.2263
163.5		17.26
163.6		17.2937
163.7		17.3271
163.8		17.3604
163.9		17.3935
164		17.4265
164.1		17.4592
164.2		17.4919
164.3		17.5243
164.4		17.5566
164.5		17.5888
164.6		17.6207
164.7		17.6525
164.8		17.6842
164.9		17.7157
165		17.747
165.1		17.7782
165.2		17.8093
165.3		17.8401
165.4		17.8709
165.5		17.9014
165.6		17.9318
165.7		17.9621
165.8		17.9922
165.9		18.0222
166		18.052
166.1		18.0817
166.2		18.1112
166.3		18.1406
166.4		18.1698
166.5		18.1989
166.6		18.2278
166.7		18.2566
166.8		18.2852
166.9		18.3137
167		18.3421
167.1		18.3703
167.2		18.3984
167.3		18.4263
167.4		18.4541
167.5		18.4818
167.6		18.5093
167.7		18.5367
167.8		18.5639
167.9		18.5911
168		18.618
168.1		18.6449
168.2		18.6716
168.3		18.6982
168.4		18.7246
168.5		18.7509
168.6		18.7771
168.7		18.8031
168.8		18.8291
168.9		18.8549
169		18.8805
169.1		18.906
169.2		18.9315
169.3		18.9567
169.4		18.9819
169.5		19.0069
169.6		19.0318
169.7		19.0566
169.8		19.0813
169.9		19.1058
170		19.1302
170.1		19.1545
170.2		19.1787
170.3		19.2027
170.4		19.2266
170.5		19.2504
170.6		19.2741
170.7		19.2977
170.8		19.3211
170.9		19.3445
171		19.3677
171.1		19.3908
171.2		19.4138
171.3		19.4367
171.4		19.4594
171.5		19.4821
171.6		19.5046
171.7		19.527
171.8		19.5493
171.9		19.5715
172		19.5936
172.1		19.6156
172.2		19.6375
172.3		19.6592
172.4		19.6809
172.5		19.7024
172.6		19.7238
172.7		19.7452
172.8		19.7664
172.9		19.7875
173		19.8085
173.1		19.8294
173.2		19.8502
173.3		19.8709
173.4		19.8915
173.5		19.912
173.6		19.9324
173.7		19.9527
173.8		19.9729
173.9		19.993
174		0
174.1		0
174.2		0
174.3		0
174.4		0
174.5		0
174.6		0
174.7		0
174.8		0
174.9		0
175		0
175.1		0
175.2		0
175.3		0
175.4		0
175.5		0
175.6		0
175.7		0
175.8		0
175.9		0
176		0
176.1		0
176.2		0
176.3		0.1197
176.4		0.238804
176.5		0.357313
176.6		0.475232
176.7		0.592562
176.8		0.709307
176.9		0.82547
177		0.941053
177.1		1.05606
177.2		1.17049
177.3		1.28436
177.4		1.39765
177.5		1.51038
177.6		1.62255
177.7		1.73416
177.8		1.84521
177.9		1.95571
178		2.06565
178.1		2.17505
178.2		2.2839
178.3		2.39221
178.4		2.49998
178.5		2.60721
178.6		2.71391
178.7		2.82007
178.8		2.92571
178.9		3.03082
179		3.1354
179.1		3.23946
179.2		3.34301
179.3		3.44604
179.4		3.54855
179.5		3.65055
179.6		3.75204
179.7		3.85303
179.8		3.95351
179.9		4.0535
180		4.15298
180.1		4.25197
180.2		4.35046
180.3		4.44846
180.4		4.54598
180.5		4.64301
180.6		4.73955
180.7		4.83561
180.8		4.93119
180.9		5.0263
181		5.12093
181.1		5.21509
181.2		5.30878
181.3		5.402
181.4		5.49476
181.5		5.58706
181.6		5.67889
181.7		5.77027
181.8		5.86119
181.9		5.95166
182		6.04167
182.1		6.13124
182.2		6.22036
182.3		6.30904
182.4		6.39727
182.5		6.48507
182.6		6.57242
182.7		6.65934
182.8		6.74583
182.9		6.83189
183		6.91751
183.1		7.00271
183.2		7.08749
183.3		7.17184
183.4		7.25577
183.5		7.33928
183.6		7.42238
183.7		7.50506
183.8		7.58733
183.9		7.66918
184		7.75064
184.1		7.83168
184.2		7.91232
184.3		7.99256
184.4		8.07239
184.5		8.15183
184.6		8.23088
184.7		8.30953
184.8		8.38778
184.9		8.46565
185		8.54313
185.1		8.62022
185.2		8.69692
185.3		8.77325
185.4		8.84919
185.5		8.92476
185.6		8.99995
185.7		9.07476
185.8		9.1492
185.9		9.22327
186		9.29697
186.1		9.3703
186.2		9.44326
186.3		9.51587
186.4		9.58811
186.5		9.65999
186.6		9.73151
186.7		9.80267
186.8		9.87348
186.9		9.94394
187		10.014
187.1		10.0838
187.2		10.1532
187.3		10.2223
187.4		10.291
187.5		10.3594
187.6		10.4274
187.7		10.4951
187.8		10.5624
187.9		10.6295
188		10.6961
188.1		10.7625
188.2		10.8285
188.3		10.8942
188.4		10.9596
188.5		11.0246
188.6		11.0893
188.7		11.1537
188.8		11.2178
188.9		11.2815
189		11.345
189.1		11.4081
189.2		11.4709
189.3		11.5334
189.4		11.5956
189.5		11.6574
189.6		11.719
189.7		11.7802
189.8		11.8412
189.9		11.9018
190		11.9622
190.1		12.0222
190.2		12.082
190.3		12.1414
190.4		12.2005
190.5		12.2594
190.6		12.3179
190.7		12.3762
190.8		12.4342
190.9		12.4919
191		12.5493
191.1		12.6064
191.2		12.6632
191.3		12.7197
191.4		12.776
191.5		12.832
191.6		12.8877
191.7		12.9431
191.8		12.9983
191.9		13.0531
192		13.1077
192.1		13.1621
192.2		13.2161
192.3		13.2699
192.4		13.3234
192.5		13.3767
192.6		13.4296
192.7		13.4824
192.8		13.5348
192.9		13.587
193		13.6389
193.1		13.6906
193.2		13.742
193.3		13.7932
193.4		13.8441
193.5		13.8948
193.6		13.9452
193.7		13.9953
193.8		14.0452
193.9		14.0949
194		14.1443
194.1		14.1934
194.2		14.2423
194.3		14.291
194.4		14.3394
194.5		14.3876
194.6		14.4355
194.7		14.4832
194.8		14.5307
194.9		14.5779
195		14.6249
195.1		14.6717
195.2		14.7182
195.3		14.7645
195.4		14.8106
195.5		14.8564
195.6		14.902
195.7		14.9474
195.8		14.9925
195.9		15.0375
196		15.0822
196.1		15.1266
196.2		15.1709
196.3		15.2149
196.4		15.2587
196.5		15.3023
196.6		15.3457
196.7		15.3889
196.8		15.4318
196.9		15.4746
197		15.5171
197.1		15.5594
197.2		15.6015
197.3		15.6434
197.4		15.6851
197.5		15.7265
197.6		15.7678
197.7		15.8089
197.8		15.8497
197.9		15.8904
198		15.9308
198.1		15.971
198.2		16.0111
198.3		16.0509
198.4		16.0906
198.5		16.13
198.6		16.1693
198.7		16.2083
198.8		16.2472
198.9		16.2859
199		16.3243
199.1		16.3626
199.2		16.4007
199.3		16.4386
199.4		16.4763
199.5		16.5139
199.6		16.5512
199.7		16.5883
199.8		16.6253
199.9		16.6621
200		16.6987
200.1		16.7351
200.2		16.6516
200.3		16.5686
200.4		16.486
200.5		16.4037
200.6		16.3219
200.7		16.2405
200.8		16.1595
200.9		16.0789
201		15.9987
201.1		15.9189
201.2		15.8395
201.3		15.7605
201.4		15.6819
201.5		15.6037
201.6		15.5259
201.7		15.4484
201.8		15.3714
201.9		15.2947
202		15.2185
202.1		15.1425
202.2		15.067
202.3		14.9919
202.4		14.9171
202.5		14.8427
202.6		14.7687
202.7		14.695
202.8		14.6217
202.9		14.5488
203		14.4762
203.1		14.404
203.2		14.3322
203.3		14.2607
203.4		14.1896
203.5		14.1188
203.6		14.0484
203.7		13.9783
203.8		13.9086
203.9		13.8392
204		13.7702
204.1		13.7015
204.2		13.6332
204.3		13.5652
204.4		13.4976
204.5		13.4302
204.6		13.3633
204.7		13.2966
204.8		13.2303
204.9		13.1643
205		13.0986
205.1		13.0333
205.2		12.9683
205.3		12.9036
205.4		12.8393
205.5		12.7752
205.6		12.7115
205.7		12.6481
205.8		12.585
205.9		12.5223
206		12.4598
206.1		12.3977
206.2		12.3358
206.3		12.2743
206.4		12.2131
206.5		12.1522
206.6		12.0916
206.7		12.0313
206.8		11.9713
206.9		11.9116
207		11.8521
207.1		11.793
207.2		11.7342
207.3		11.6757
207.4		11.6175
207.5		11.5595
207.6		11.5019
207.7		11.4445
207.8		11.3874
207.9		11.3306
208		11.2741
208.1		11.2179
208.2		11.1619
208.3		11.1063
208.4		11.0509
208.5		10.9957
208.6		10.9409
208.7		10.8863
208.8		10.832
208.9		10.778
209		10.7243
209.1		10.6708
209.2		10.6176
209.3		10.5646
209.4		10.5119
209.5		10.4595
209.6		10.4073
209.7		10.3554
209.8		10.3038
209.9		10.2524
210		10.2012
210.1		10.1504
210.2		10.0997
210.3		10.0494
210.4		9.99924
210.5		9.94936
210.6		9.89974
210.7		9.85037
210.8		9.80124
210.9		9.75235
211		9.70371
211.1		9.65532
211.2		9.60716
211.3		9.55924
211.4		9.51157
211.5		9.46413
211.6		9.41693
211.7		9.36996
211.8		9.32323
211.9		9.27673
212		9.23046
212.1		9.18442
212.2		9.13861
212.3		9.09303
212.4		9.04768
212.5		9.00256
212.6		8.95766
212.7		8.91298
212.8		8.86853
212.9		8.82429
213		8.78028
213.1		8.73649
213.2		8.69292
213.3		8.64956
213.4		8.60642
213.5		8.5635
213.6		8.52079
213.7		8.47829
213.8		8.436
213.9		8.39393
214		8.35206
214.1		8.31041
214.2		8.26896
214.3		8.22772
214.4		8.18668
214.5		8.14585
214.6		8.10522
214.7		8.0648
214.8		8.02457
214.9		7.98455
215		7.94473
215.1		7.9051
215.2		7.86568
215.3		7.82645
215.4		7.78741
215.5		7.74857
215.6		7.70993
215.7		7.67147
215.8		7.63321
215.9		7.59514
216		7.55726
216.1		7.51957
216.2		7.48206
216.3		7.44475
216.4		7.40762
216.5		7.37067
216.6		7.33391
216.7		7.29733
216.8		7.26094
216.9		7.22472
217		7.18869
217.1		7.15283
217.2		7.11716
217.3		7.08166
217.4		7.04634
217.5		7.0112
217.6		6.97623
217.7		6.94144
217.8		6.90682
217.9		6.87237
218		6.83809
218.1		6.80399
218.2		6.77005
218.3		6.73629
218.4		6.70269
218.5		6.66926
218.6		6.63599
218.7		6.6029
218.8		6.56997
218.9		6.5372
219		6.50459
219.1		6.47215
219.2		6.43987
219.3		6.40775
219.4		6.37579
219.5		6.34399
219.6		6.31235
219.7		6.28087
219.8		6.24954
219.9		6.21837
220		6.18736
220.1		6.1565
220.2		6.1258
220.3		6.09524
220.4		6.06484
220.5		6.03459
220.6		6.0045
220.7		5.97455
220.8		5.94475
220.9		5.9151
221		5.8856
221.1		5.85625
221.2		5.82704
221.3		5.79797
221.4		5.76906
221.5		5.74028
221.6		5.71165
221.7		5.68317
221.8		5.65482
221.9		5.62662
222		5.59856
222.1		5.57063
222.2		5.54285
222.3		5.5152
222.4		5.4877
222.5		5.46033
222.6		5.43309
222.7		5.406
222.8		5.37903
222.9		5.3522
223		5.32551
223.1		5.29895
223.2		5.27252
223.3		5.24622
223.4		5.22006
223.5		5.19402
223.6		5.16812
223.7		5.14234
223.8		5.11669
223.9		5.09117
224		5.06578
224.1		5.04052
224.2		5.01538
224.3		4.99036
224.4		4.96547
224.5		4.94071
224.6		4.91607
224.7		4.89155
224.8		4.86715
224.9		4.84288
225		4.81872
225.1		4.79469
225.2		4.77077
225.3		4.74698
225.4		4.7233
225.5		4.69975
225.6		4.67631
225.7		4.65298
225.8		4.62978
225.9		4.60669
226		4.58371
226.1		4.56085
226.2		4.5381
226.3		4.51547
226.4		4.49295
226.5		4.47054
226.6		4.44824
226.7		4.42605
226.8		4.40398
226.9		4.38201
227		4.36016
227.1		4.33841
227.2		4.31678
227.3		4.29525
227.4		4.27382
227.5		4.25251
227.6		4.2313
227.7		4.21019
227.8		4.1892
227.9		4.1683
228		4.14751
228.1		4.12683
228.2		4.10624
228.3		4.08576
228.4		4.06539
228.5		4.04511
228.6		4.02493
228.7		4.00486
228.8		3.98489
228.9		3.96501
229		3.94524
229.1		3.92556
229.2		3.90598
229.3		3.8865
229.4		3.86711
229.5		3.84783
229.6		3.82864
229.7		3.80954
229.8		3.79054
229.9		3.77164
230		3.75282
230.1		3.73411
230.2		3.71548
230.3		3.69695
230.4		3.67851
230.5		3.66017
230.6		3.64191
230.7		3.62375
230.8		3.60567
230.9		3.58769
231		3.5698
231.1		3.55199
231.2		3.53428
231.3		3.51665
231.4		3.49911
231.5		3.48166
231.6		3.46429
231.7		3.44701
231.8		3.42982
231.9		3.41272
232		3.3957
232.1		3.37876
232.2		3.36191
232.3		3.34514
232.4		3.32846
232.5		3.31186
232.6		3.29534
232.7		3.2789
232.8		3.26255
232.9		3.24628
233		3.23009
233.1		3.21398
233.2		3.19795
233.3		3.182
233.4		3.16613
233.5		3.15033
233.6		3.13462
233.7		3.11899
233.8		3.10343
233.9		3.08795
234		3.07255
234.1		3.05723
234.2		3.04198
234.3		3.02681
234.4		3.01171
234.5		2.99669
234.6		2.98174
234.7		2.96687
234.8		2.95208
234.9		2.93735
235		2.9227
235.1		2.90813
235.2		2.89362
235.3		2.87919
235.4		2.86483
235.5		2.85054
235.6		2.83632
235.7		2.82218
235.8		2.8081
235.9		2.7941
236		2.78016
236.1		2.76629
236.2		2.7525
236.3		2.73877
236.4		2.72511
236.5		2.71152
236.6		2.69799
236.7		2.68454
236.8		2.67115
236.9		2.65783
237		2.64457
237.1		2.63138
237.2		2.61826
237.3		2.6052
237.4		2.5922
237.5		2.57928
237.6		2.56641
237.7		2.55361
237.8		2.54088
237.9		2.5282
238		2.51559
238.1		2.50305
238.2		2.49056
238.3		2.47814
238.4		2.46578
238.5		2.45348
238.6		2.44125
238.7		2.42907
238.8		2.41696
238.9		2.4049
239		2.39291
239.1		2.38097
239.2		2.3691
239.3		2.35728
239.4		2.34552
239.5		2.33383
239.6		2.32219
239.7		2.3106
239.8		2.29908
239.9		2.28761
240		2.2762
240.1		2.26485
240.2		2.25355
240.3		2.24231
240.4		2.23113
240.5		2.22
240.6		2.20893
240.7		2.19791
240.8		2.18695
240.9		2.17604
241		2.16519
241.1		2.15439
241.2		2.14365
241.3		2.13296
241.4		2.12232
241.5		2.11173
241.6		2.1012
241.7		2.09072
241.8		2.08029
241.9		2.06992
242		2.05959
242.1		2.04932
242.2		2.0391
242.3		2.02893
242.4		2.01881
242.5		2.00874
242.6		1.99872
242.7		1.98875
242.8		1.97884
242.9		1.96897
243		1.95915
243.1		1.94937
243.2		1.93965
243.3		1.92998
243.4		1.92035
243.5		1.91077
243.6		1.90124
243.7		1.89176
243.8		1.88233
243.9		1.87294
244		1.8636
244.1		1.8543
244.2		1.84505
244.3		1.83585
244.4		1.8267
244.5		1.81758
244.6		1.80852
244.7		1.7995
244.8		1.79052
244.9		1.78159
245		1.77271
245.1		1.76387
245.2		1.75507
245.3		1.74632
245.4		1.73761
245.5		1.72894
245.6		1.72032
245.7		1.71174
245.8		1.7032
245.9		1.6947
246		1.68625
246.1		1.67784
246.2		1.66947
246.3		1.66115
246.4		1.65286
246.5		1.64462
246.6		1.63642
246.7		1.62825
246.8		1.62013
246.9		1.61205
247		1.60401
247.1		1.59601
247.2		1.58805
247.3		1.58013
247.4		1.57225
247.5		1.56441
247.6		1.55661
247.7		1.54884
247.8		1.54112
247.9		1.53343
248		1.52578
248.1		1.51817
248.2		1.5106
248.3		1.50307
248.4		1.49557
248.5		1.48811
248.6		1.48069
248.7		1.47331
248.8		1.46596
248.9		1.45865
249		1.45137
249.1		1.44413
249.2		1.43693
249.3		1.42976
249.4		1.42263
249.5		1.41554
249.6		1.40848
249.7		1.40145
249.8		1.39446
249.9		1.38751
250		1.38059
250.1		1.3737
250.2		1.36685
250.3		1.36003
250.4		1.35325
250.5		1.3465
250.6		1.33978
250.7		1.3331
250.8		1.32645
250.9		1.31984
251		1.31325
251.1		1.3067
251.2		1.30019
251.3		1.2937
251.4		1.28725
251.5		1.28083
251.6		1.27444
251.7		1.26809
251.8		1.26176
251.9		1.25547
252		1.24921
252.1		1.24298
252.2		1.23678
252.3		1.23061
252.4		1.22447
252.5		1.21836
252.6		1.21229
252.7		1.20624
252.8		1.20022
252.9		1.19424
253		1.18828
253.1		1.18236
253.2		1.17646
253.3		1.17059
253.4		1.16475
253.5		1.15894
253.6		1.15316
253.7		1.14741
253.8		1.14169
253.9		1.13599
254		1.13033
254.1		1.12469
254.2		1.11908
254.3		1.1135
254.4		1.10795
254.5		1.10242
254.6		1.09692
254.7		1.09145
254.8		1.08601
254.9		1.08059
255		1.0752
255.1		1.06984
255.2		1.0645
255.3		1.05919
255.4		1.05391
255.5		1.04866
255.6		1.04343
255.7		1.03822
255.8		1.03304
255.9		1.02789
256		1.02276
256.1		1.01766
256.2		1.01259
256.3		1.00754
256.4		1.00251
256.5		0.997512
256.6		0.992537
256.7		0.987586
256.8		0.982661
256.9		0.97776
257		0.972883
257.1		0.968031
257.2		0.963203
257.3		0.958399
257.4		0.953619
257.5		0.948862
257.6		0.94413
257.7		0.939421
257.8		0.934736
257.9		0.930074
258		0.925435
258.1		0.920819
258.2		0.916227
258.3		0.911657
258.4		0.90711
258.5		0.902586
258.6		0.898084
258.7		0.893605
258.8		0.889148
258.9		0.884714
259		0.880301
259.1		0.87591
259.2		0.871542
259.3		0.867195
259.4		0.86287
259.5		0.858566
259.6		0.854284
259.7		0.850023
259.8		0.845784
259.9		0.841566
260		0.837368
260.1		0.833192
260.2		0.829036
260.3		0.824901
260.4		0.820787
260.5		0.816694
260.6		0.81262
260.7		0.808567
260.8		0.804535
260.9		0.800522
261		0.796529
261.1		0.792557
261.2		0.788604
261.3		0.784671
261.4		0.780757
261.5		0.776863
261.6		0.772988
261.7		0.769133
261.8		0.765297
261.9		0.76148
262		0.757682
262.1		0.753903
262.2		0.750143
262.3		0.746402
262.4		0.742679
262.5		0.738975
262.6		0.735289
262.7		0.731622
262.8		0.727973
262.9		0.724342
263		0.72073
263.1		0.717135
263.2		0.713558
263.3		0.709999
263.4		0.706458
263.5		0.702935
263.6		0.699429
263.7		0.69594
263.8		0.692469
263.9		0.689016
264		0.685579
264.1		0.68216
264.2		0.678757
264.3		0.675372
264.4		0.672004
264.5		0.668652
264.6		0.665317
264.7		0.661999
264.8		0.658697
264.9		0.655412
265		0.652143
265.1		0.64889
265.2		0.645654
265.3		0.642434
265.4		0.63923
265.5		0.636042
265.6		0.632869
265.7		0.629713
265.8		0.626572
265.9		0.623447
266		0.620338
266.1		0.617244
266.2		0.614165
266.3		0.611102
266.4		0.608054
266.5		0.605021
266.6		0.602004
266.7		0.599001
266.8		0.596014
266.9		0.593041
267		0.590083
267.1		0.58714
267.2		0.584212
267.3		0.581298
267.4		0.578399
267.5		0.575514
267.6		0.572644
267.7		0.569788
267.8		0.566946
267.9		0.564118
268		0.561305
268.1		0.558505
268.2		0.55572
268.3		0.552948
268.4		0.55019
268.5		0.547446
268.6		0.544716
268.7		0.541999
268.8		0.539296
268.9		0.536606
269		0.53393
269.1		0.531267
269.2		0.528617
269.3		0.52598
269.4		0.523357
269.5		0.520747
269.6		0.51815
269.7		0.515565
269.8		0.512994
269.9		0.510435
270		0.507889
270.1		0.505356
270.2		0.502836
270.3		0.500328
270.4		0.497833
270.5		0.49535
270.6		0.492879
270.7		0.490421
270.8		0.487975
270.9		0.485541
271		0.483119
271.1		0.48071
271.2		0.478312
271.3		0.475927
271.4		0.473553
271.5		0.471191
271.6		0.468841
271.7		0.466503
271.8		0.464176
271.9		0.461861
272		0.459557
272.1		0.457265
272.2		0.454985
272.3		0.452716
272.4		0.450458
272.5		0.448211
272.6		0.445975
272.7		0.443751
272.8		0.441538
272.9		0.439336
273		0.437145
273.1		0.434964
273.2		0.432795
273.3		0.430636
273.4		0.428488
273.5		0.426351
273.6		0.424225
273.7		0.422109
273.8		0.420004
273.9		0.417909
274		0.415825
274.1		0.413751
274.2		0.411687
274.3		0.409634
274.4		0.407591
274.5		0.405558
274.6		0.403535
274.7		0.401523
274.8		0.39952
274.9		0.397527
275		0.395545
275.1		0.393572
275.2		0.391609
275.3		0.389656
275.4		0.387712
275.5		0.385779
275.6		0.383855
275.7		0.38194
275.8		0.380035
275.9		0.37814
276		0.376254
276.1		0.374377
276.2		0.37251
276.3		0.370652
276.4		0.368803
276.5		0.366964
276.6		0.365134
276.7		0.363313
276.8		0.361501
276.9		0.359698
277		0.357904
277.1		0.356119
277.2		0.354342
277.3		0.352575
277.4		0.350817
277.5		0.349067
277.6		0.347326
277.7		0.345594
277.8		0.34387
277.9		0.342155
278		0.340449
278.1		0.338751
278.2		0.337061
278.3		0.33538
278.4		0.333707
278.5		0.332043
278.6		0.330387
278.7		0.328739
278.8		0.327099
278.9		0.325468
279		0.323845
279.1		0.322229
279.2		0.320622
279.3		0.319023
279.4		0.317432
279.5		0.315849
279.6		0.314274
279.7		0.312706
279.8		0.311147
279.9		0.309595
280		0.308051
280.1		0.306514
280.2		0.304985
280.3		0.303464
280.4		0.301951
280.5		0.300445
280.6		0.298946
280.7		0.297455
280.8		0.295972
280.9		0.294496
281		0.293027
281.1		0.291565
281.2		0.290111
281.3		0.288664
281.4		0.287224
281.5		0.285792
281.6		0.284366
281.7		0.282948
281.8		0.281537
281.9		0.280133
282		0.278736
282.1		0.277345
282.2		0.275962
282.3		0.274586
282.4		0.273216
282.5		0.271854
282.6		0.270498
282.7		0.269149
282.8		0.267806
282.9		0.266471
283		0.265142
283.1		0.263819
283.2		0.262503
283.3		0.261194
283.4		0.259891
283.5		0.258595
283.6		0.257305
283.7		0.256022
283.8		0.254745
283.9		0.253475
284		0.25221
284.1		0.250953
284.2		0.249701
284.3		0.248456
284.4		0.247216
284.5		0.245983
284.6		0.244757
284.7		0.243536
284.8		0.242321
284.9		0.241113
285		0.23991
285.1		0.238713
285.2		0.237523
285.3		0.236338
285.4		0.235159
285.5		0.233987
285.6		0.23282
285.7		0.231658
285.8		0.230503
285.9		0.229353
286		0.228209
286.1		0.227071
286.2		0.225939
286.3		0.224812
286.4		0.223691
286.5		0.222575
286.6		0.221465
286.7		0.22036
286.8		0.219261
286.9		0.218168
287		0.21708
287.1		0.215997
287.2		0.21492
287.3		0.213848
287.4		0.212781
287.5		0.21172
287.6		0.210664
287.7		0.209613
287.8		0.208568
287.9		0.207528
288		0.206492
288.1		0.205463
288.2		0.204438
288.3		0.203418
288.4		0.202404
288.5		0.201394
288.6		0.20039
288.7		0.19939
288.8		0.198396
288.9		0.197406
289		0.196422
289.1		0.195442
289.2		0.194467
289.3		0.193497
289.4		0.192532
289.5		0.191572
289.6		0.190617
289.7		0.189666
289.8		0.18872
289.9		0.187779
290		0.186842
290.1		0.18591
290.2		0.184983
290.3		0.18406
290.4		0.183142
290.5		0.182229
290.6		0.18132
290.7		0.180416
290.8		0.179516
290.9		0.178621
291		0.17773
291.1		0.176843
291.2		0.175961
291.3		0.175084
291.4		0.17421
291.5		0.173342
291.6		0.172477
291.7		0.171617
291.8		0.170761
291.9		0.169909
292		0.169062
292.1		0.168219
292.2		0.16738
292.3		0.166545
292.4		0.165714
292.5		0.164888
292.6		0.164065
292.7		0.163247
292.8		0.162433
292.9		0.161623
293		0.160816
293.1		0.160014
293.2		0.159216
293.3		0.158422
293.4		0.157632
293.5		0.156846
293.6		0.156064
293.7		0.155285
293.8		0.154511
293.9		0.15374
294		0.152973
294.1		0.15221
294.2		0.151451
294.3		0.150696
294.4		0.149944
294.5		0.149196
294.6		0.148452
294.7		0.147712
294.8		0.146975
294.9		0.146242
295		0.145513
295.1		0.144787
295.2		0.144065
295.3		0.143346
295.4		0.142631
295.5		0.14192
295.6		0.141212
295.7		0.140508
295.8		0.139807
295.9		0.13911
296		0.138416
296.1		0.137726
296.2		0.137039
296.3		0.136355
296.4		0.135675
296.5		0.134999
296.6		0.134325
296.7		0.133655
296.8		0.132989
296.9		0.132325
297		0.131665
297.1		0.131009
297.2		0.130355
297.3		0.129705
297.4		0.129058
297.5		0.128415
297.6		0.127774
297.7		0.127137
297.8		0.126503
297.9		0.125872
298		0.125244
298.1		0.124619
298.2		0.123998
298.3		0.123379
298.4		0.122764
298.5		0.122152
298.6		0.121542
298.7		0.120936
298.8		0.120333
298.9		0.119733
299		0.119136
299.1		0.118542
299.2		0.11795
299.3		0.117362
299.4		0.116777
299.5		0.116194
299.6		0.115615
299.7		0.115038
299.8		0.114464
299.9		0.113894
300		0.113325
300.1		0.11276
300.2		0.112198
300.3		0.111638
300.4		0.111081
300.5		0.110527
300.6		0.109976
300.7		0.109428
300.8		0.108882
300.9		0.108339
301		0.107799
301.1		0.107261
301.2		0.106726
301.3		0.106194
301.4		0.105664
301.5		0.105137
301.6		0.104613
301.7		0.104091
301.8		0.103572
301.9		0.103055
302		0.102541
302.1		0.10203
302.2		0.101521
302.3		0.101014
302.4		0.100511
302.5		0.100009
302.6		0.0995106
302.7		0.0990143
302.8		0.0985204
302.9		0.0980291
303		0.0975401
303.1		0.0970536
303.2		0.0965696
303.3		0.0960879
303.4		0.0956087
303.5		0.0951319
303.6		0.0946574
303.7		0.0941853
303.8		0.0937155
303.9		0.0932481
304		0.092783
304.1		0.0923203
304.2		0.0918598
304.3		0.0914017
304.4		0.0909458
304.5		0.0904922
304.6		0.0900409
304.7		0.0895918
304.8		0.089145
304.9		0.0887004
305		0.088258
305.1		0.0878178
305.2		0.0873798
305.3		0.086944
305.4		0.0865103
305.5		0.0860789
305.6		0.0856495
305.7		0.0852224
305.8		0.0847973
305.9		0.0843744
306		0.0839536
306.1		0.0835348
306.2		0.0831182
306.3		0.0827037
306.4		0.0822912
306.5		0.0818807
306.6		0.0814724
306.7		0.081066
306.8		0.0806617
306.9		0.0802594
307		0.0798591
307.1		0.0794608
307.2		0.0790645
307.3		0.0786702
307.4		0.0782778
307.5		0.0778874
307.6		0.0774989
307.7		0.0771124
307.8		0.0767278
307.9		0.0763451
308		0.0759643
308.1		0.0755855
308.2		0.0752085
308.3		0.0748334
308.4		0.0744601
308.5		0.0740888
308.6		0.0737192
308.7		0.0733516
308.8		0.0729857
308.9		0.0726217
309		0.0722595
309.1		0.0718991
309.2		0.0715405
309.3		0.0711837
309.4		0.0708287
309.5		0.0704754
309.6		0.0701239
309.7		0.0697742
309.8		0.0694262
309.9		0.0690799
310		0.0687354
310.1		0.0683925
310.2		0.0680514
310.3		0.067712
310.4		0.0673743
310.5		0.0670383
310.6		0.0667039
310.7		0.0663712
310.8		0.0660402
310.9		0.0657108
311		0.0653831
311.1		0.065057
311.2		0.0647325
311.3		0.0644097
311.4		0.0640884
311.5		0.0637688
311.6		0.0634507
311.7		0.0631343
311.8		0.0628194
311.9		0.0625061
312		0.0621943
312.1		0.0618841
312.2		0.0615755
312.3		0.0612684
312.4		0.0609628
312.5		0.0606587
312.6		0.0603562
312.7		0.0600552
312.8		0.0597557
312.9		0.0594576
313		0.0591611
313.1		0.058866
313.2		0.0585724
313.3		0.0582803
313.4		0.0579896
313.5		0.0577004
313.6		0.0574126
313.7		0.0571263
313.8		0.0568413
313.9		0.0565578
314		0.0562758
314.1		0.0559951
314.2		0.0557158
314.3		0.0554379
314.4		0.0551614
314.5		0.0548863
314.6		0.0546126
314.7		0.0543402
314.8		0.0540692
314.9		0.0537995
315		0.0535312
315.1		0.0532642
315.2		0.0529985
315.3		0.0527342
315.4		0.0524712
315.5		0.0522095
315.6		0.0519491
315.7		0.05169
315.8		0.0514322
315.9		0.0511757
316		0.0509204
316.1		0.0506664
316.2		0.0504137
316.3		0.0501623
316.4		0.0499121
316.5		0.0496632
316.6		0.0494155
316.7		0.049169
316.8		0.0489238
316.9		0.0486798
317		0.048437
317.1		0.0481954
317.2		0.047955
317.3		0.0477159
317.4		0.0474779
317.5		0.0472411
317.6		0.0470055
317.7		0.046771
317.8		0.0465378
317.9		0.0463056
318		0.0460747
318.1		0.0458449
318.2		0.0456162
318.3		0.0453887
318.4		0.0451624
318.5		0.0449371
318.6		0.044713
318.7		0.04449
318.8		0.0442681
318.9		0.0440473
319		0.0438276
319.1		0.043609
319.2		0.0433915
319.3		0.0431751
319.4		0.0429598
319.5		0.0427455
319.6		0.0425323
319.7		0.0423202
319.8		0.0421091
319.9		0.0418991
320		0.0416901
320.1		0.0414822
320.2		0.0412753
320.3		0.0410694
320.4		0.0408646
320.5		0.0406608
320.6		0.040458
320.7		0.0402562
320.8		0.0400554
320.9		0.0398556
321		0.0396569
321.1		0.0394591
321.2		0.0392623
321.3		0.0390664
321.4		0.0388716
321.5		0.0386777
321.6		0.0384848
321.7		0.0382929
321.8		0.0381019
321.9		0.0379119
322		0.0377228
322.1		0.0375346
322.2		0.0373474
322.3		0.0371612
322.4		0.0369758
322.5		0.0367914
322.6		0.0366079
322.7		0.0364253
322.8		0.0362436
322.9		0.0360629
323		0.035883
323.1		0.035704
323.2		0.035526
323.3		0.0353488
323.4		0.0351725
323.5		0.0349971
323.6		0.0348225
323.7		0.0346488
323.8		0.034476
323.9		0.0343041
324		0.034133
324.1		0.0339627
324.2		0.0337933
324.3		0.0336248
324.4		0.0334571
324.5		0.0332902
324.6		0.0331242
324.7		0.032959
324.8		0.0327946
324.9		0.032631
325		0.0324683
325.1		0.0323064
325.2		0.0321452
325.3		0.0319849
325.4		0.0318254
325.5		0.0316666
325.6		0.0315087
325.7		0.0313516
325.8		0.0311952
325.9		0.0310396
326		0.0308848
326.1		0.0307308
326.2		0.0305775
326.3		0.030425
326.4		0.0302732
326.5		0.0301222
326.6		0.029972
326.7		0.0298225
326.8		0.0296738
326.9		0.0295258
327		0.0293785
327.1		0.029232
327.2		0.0290862
327.3		0.0289411
327.4		0.0287968
327.5		0.0286532
327.6		0.0285103
327.7		0.0283681
327.8		0.0282266
327.9		0.0280858
328		0.0279457
328.1		0.0278063
328.2		0.0276677
328.3		0.0275297
328.4		0.0273924
328.5		0.0272557
328.6		0.0271198
328.7		0.0269845
328.8		0.0268499
328.9		0.026716
329		0.0265828
329.1		0.0264502
329.2		0.0263183
329.3		0.026187
329.4		0.0260564
329.5		0.0259265
329.6		0.0257971
329.7		0.0256685
329.8		0.0255405
329.9		0.0254131
330		0.0252863
330.1		0.0251602
330.2		0.0250347
330.3		0.0249099
330.4		0.0247856
330.5		0.024662
330.6		0.024539
330.7		0.0244166
330.8		0.0242948
330.9		0.0241737
331		0.0240531
331.1		0.0239331
331.2		0.0238138
331.3		0.023695
331.4		0.0235768
331.5		0.0234592
331.6		0.0233422
331.7		0.0232258
331.8		0.02311
331.9		0.0229947
332		0.02288
332.1		0.0227659
332.2		0.0226524
332.3		0.0225394
332.4		0.022427
332.5		0.0223151
332.6		0.0222038
332.7		0.0220931
332.8		0.0219829
332.9		0.0218732
333		0.0217641
333.1		0.0216556
333.2		0.0215476
333.3		0.0214401
333.4		0.0213332
333.5		0.0212268
333.6		0.0211209
333.7		0.0210156
333.8		0.0209108
333.9		0.0208065
334		0.0207027
334.1		0.0205994
334.2		0.0204967
334.3		0.0203945
334.4		0.0202928
334.5		0.0201915
334.6		0.0200908
334.7		0.0199906
334.8		0.0198909
334.9		0.0197917
335		0.019693
335.1		0.0195948
335.2		0.0194971
335.3		0.0193998
335.4		0.0193031
335.5		0.0192068
335.6		0.019111
335.7		0.0190157
335.8		0.0189208
335.9		0.0188265
336		0.0187326
336.1		0.0186391
336.2		0.0185462
336.3		0.0184537
336.4		0.0183616
336.5		0.0182701
336.6		0.0181789
336.7		0.0180883
336.8		0.0179981
336.9		0.0179083
337		0.017819
337.1		0.0177301
337.2		0.0176417
337.3		0.0175537
337.4		0.0174661
337.5		0.017379
337.6		0.0172923
337.7		0.0172061
337.8		0.0171203
337.9		0.0170349
338		0.0169499
338.1		0.0168654
338.2		0.0167813
338.3		0.0166976
338.4		0.0166143
338.5		0.0165314
338.6		0.016449
338.7		0.0163669
338.8		0.0162853
338.9		0.0162041
339		0.0161233
339.1		0.0160429
339.2		0.0159628
339.3		0.0158832
339.4		0.015804
339.5		0.0157252
339.6		0.0156468
339.7		0.0155687
339.8		0.0154911
339.9		0.0154138
340		0.0153369
340.1		0.0152604
340.2		0.0151843
340.3		0.0151086
340.4		0.0150332
340.5		0.0149583
340.6		0.0148837
340.7		0.0148094
340.8		0.0147356
340.9		0.0146621
341		0.0145889
341.1		0.0145162
341.2		0.0144438
341.3		0.0143717
341.4		0.0143001
341.5		0.0142287
341.6		0.0141578
341.7		0.0140872
341.8		0.0140169
341.9		0.013947
342		0.0138774
342.1		0.0138082
342.2		0.0137393
342.3		0.0136708
342.4		0.0136026
342.5		0.0135348
342.6		0.0134673
342.7		0.0134001
342.8		0.0133333
342.9		0.0132668
343		0.0132006
343.1		0.0131348
343.2		0.0130693
343.3		0.0130041
343.4		0.0129392
343.5		0.0128747
343.6		0.0128105
343.7		0.0127466
343.8		0.012683
343.9		0.0126198
344		0.0125568
344.1		0.0124942
344.2		0.0124319
344.3		0.0123699
344.4		0.0123082
344.5		0.0122468
344.6		0.0121857
344.7		0.0121249
344.8		0.0120645
344.9		0.0120043
345		0.0119444
345.1		0.0118848
345.2		0.0118256
345.3		0.0117666
345.4		0.0117079
345.5		0.0116495
345.6		0.0115914
345.7		0.0115336
345.8		0.0114761
345.9		0.0114188
346		0.0113619
346.1		0.0113052
346.2		0.0112488
346.3		0.0111927
346.4		0.0111369
346.5		0.0110814
346.6		0.0110261
346.7		0.0109711
346.8		0.0109164
346.9		0.0108619
347		0.0108078
347.1		0.0107539
347.2		0.0107002
347.3		0.0106468
347.4		0.0105937
347.5		0.0105409
347.6		0.0104883
347.7		0.010436
347.8		0.010384
347.9		0.0103322
348		0.0102807
348.1		0.0102294
348.2		0.0101784
348.3		0.0101276
348.4		0.0100771
348.5		0.0100268
348.6		0.00997681
348.7		0.00992706
348.8		0.00987754
348.9		0.00982828
349		0.00977926
349.1		0.00973049
349.2		0.00968196
349.3		0.00963367
349.4		0.00958562
349.5		0.00953781
349.6		0.00949024
349.7		0.00944291
349.8		0.00939581
349.9		0.00934895
350		0.00930232
350.1		0.00925593
350.2		0.00920976
350.3		0.00916383
350.4		0.00911812
350.5		0.00907265
350.6		0.0090274
350.7		0.00898237
350.8		0.00893757
350.9		0.008893
351		0.00884864
351.1		0.00880451
351.2		0.0087606
351.3		0.0087169
351.4		0.00867343
351.5		0.00863017
351.6		0.00858712
351.7		0.0085443
351.8		0.00850168
351.9		0.00845928
352		0.00841709
352.1		0.00837511
352.2		0.00833334
352.3		0.00829177
352.4		0.00825042
352.5		0.00820927
352.6		0.00816833
352.7		0.00812759
352.8		0.00808705
352.9		0.00804671
353		0.00800658
353.1		0.00796665
353.2		0.00792691
353.3		0.00788738
353.4		0.00784804
353.5		0.0078089
353.6		0.00776995
353.7		0.0077312
353.8		0.00769264
353.9		0.00765427
354		0.0076161
354.1		0.00757811
354.2		0.00754031
354.3		0.00750271
354.4		0.00746529
354.5		0.00742805
354.6		0.00739101
354.7		0.00735414
354.8		0.00731746
354.9		0.00728097
355		0.00724465
355.1		0.00720852
355.2		0.00717257
355.3		0.0071368
355.4		0.0071012
355.5		0.00706578
355.6		0.00703054
355.7		0.00699548
355.8		0.00696059
355.9		0.00692587
356		0.00689133
356.1		0.00685696
356.2		0.00682276
356.3		0.00678873
356.4		0.00675487
356.5		0.00672118
356.6		0.00668766
356.7		0.0066543
356.8		0.00662112
356.9		0.00658809
357		0.00655523
357.1		0.00652254
357.2		0.00649001
357.3		0.00645764
357.4		0.00642543
357.5		0.00639339
357.6		0.0063615
357.7		0.00632977
357.8		0.0062982
357.9		0.00626679
358		0.00623553
358.1		0.00620443
358.2		0.00617349
358.3		0.0061427
358.4		0.00611206
358.5		0.00608158
358.6		0.00605124
358.7		0.00602106
358.8		0.00599103
358.9		0.00596115
359		0.00593142
359.1		0.00590184
359.2		0.0058724
359.3		0.00584311
359.4		0.00581397
359.5		0.00578497
359.6		0.00575612
359.7		0.00572741
359.8		0.00569885
359.9		0.00567042
360		0.00564214
360.1		0.005614
360.2		0.005586
360.3		0.00555814
360.4		0.00553042
360.5		0.00550284
360.6		0.00547539
360.7		0.00544808
360.8		0.00542091
360.9		0.00539387
361		0.00536697
361.1		0.0053402
361.2		0.00531357
361.3		0.00528707
361.4		0.0052607
361.5		0.00523446
361.6		0.00520835
361.7		0.00518238
361.8		0.00515653
361.9		0.00513081
362		0.00510522
362.1		0.00507976
362.2		0.00505442
362.3		0.00502921
362.4		0.00500413
362.5		0.00497917
362.6		0.00495434
362.7		0.00492963
362.8		0.00490504
362.9		0.00488058
363		0.00485624
363.1		0.00483202
363.2		0.00480792
363.3		0.00478394
363.4		0.00476008
363.5		0.00473634
363.6		0.00471271
363.7		0.00468921
363.8		0.00466582
363.9		0.00464255
364		0.0046194
364.1		0.00459636
364.2		0.00457343
364.3		0.00455062
364.4		0.00452793
364.5		0.00450534
364.6		0.00448287
364.7		0.00446051
364.8		0.00443827
364.9		0.00441613
365		0.00439411
365.1		0.00437219
365.2		0.00435038
365.3		0.00432869
365.4		0.0043071
365.5		0.00428561
365.6		0.00426424
365.7		0.00424297
365.8		0.00422181
365.9		0.00420075
366		0.0041798
366.1		0.00415896
366.2		0.00413821
366.3		0.00411757
366.4		0.00409704
366.5		0.0040766
366.6		0.00405627
366.7		0.00403604
366.8		0.00401591
366.9		0.00399588
367		0.00397595
367.1		0.00395612
367.2		0.00393639
367.3		0.00391676
367.4		0.00389722
367.5		0.00387778
367.6		0.00385844
367.7		0.0038392
367.8		0.00382005
367.9		0.003801
368		0.00378204
368.1		0.00376318
368.2		0.00374441
368.3		0.00372573
368.4		0.00370715
368.5		0.00368866
368.6		0.00367027
368.7		0.00365196
368.8		0.00363375
368.9		0.00361562
369		0.00359759
369.1		0.00357965
369.2		0.00356179
369.3		0.00354403
369.4		0.00352635
369.5		0.00350876
369.6		0.00349126
369.7		0.00347385
369.8		0.00345653
369.9		0.00343929
370		0.00342213
370.1		0.00340506
370.2		0.00338808
370.3		0.00337118
370.4		0.00335437
370.5		0.00333764
370.6		0.00332099
370.7		0.00330443
370.8		0.00328795
370.9		0.00327155
371		0.00325523
371.1		0.003239
371.2		0.00322284
371.3		0.00320677
371.4		0.00319078
371.5		0.00317486
371.6		0.00315903
371.7		0.00314327
371.8		0.00312759
371.9		0.00311199
372		0.00309647
372.1		0.00308103
372.2		0.00306566
372.3		0.00305037
372.4		0.00303516
372.5		0.00302002
372.6		0.00300496
372.7		0.00298997
372.8		0.00297506
372.9		0.00296022
373		0.00294546
373.1		0.00293077
373.2		0.00291615
373.3		0.0029016
373.4		0.00288713
373.5		0.00287273
373.6		0.00285841
373.7		0.00284415
373.8		0.00282996
373.9		0.00281585
374		0.00280181
374.1		0.00278783
374.2		0.00277393
374.3		0.00276009
374.4		0.00274633
374.5		0.00273263
374.6		0.002719
374.7		0.00270544
374.8		0.00269194
374.9		0.00267852
375		0.00266516
375.1		0.00265187
375.2		0.00263864
375.3		0.00262548
375.4		0.00261239
375.5		0.00259936
375.6		0.00258639
375.7		0.00257349
375.8		0.00256066
375.9		0.00254789
376		0.00253518
376.1		0.00252253
376.2		0.00250995
376.3		0.00249743
376.4		0.00248498
376.5		0.00247258
376.6		0.00246025
376.7		0.00244798
376.8		0.00243577
376.9		0.00242362
377		0.00241154
377.1		0.00239951
377.2		0.00238754
377.3		0.00237563
377.4		0.00236378
377.5		0.00235199
377.6		0.00234026
377.7		0.00232859
377.8		0.00231698
377.9		0.00230542
378		0.00229392
378.1		0.00228248
378.2		0.0022711
378.3		0.00225977
378.4		0.0022485
378.5		0.00223729
378.6		0.00222613
378.7		0.00221503
378.8		0.00220398
378.9		0.00219299
379		0.00218205
379.1		0.00217117
379.2		0.00216034
379.3		0.00214956
379.4		0.00213884
379.5		0.00212817
379.6		0.00211756
379.7		0.002107
379.8		0.00209649
379.9		0.00208603
380		0.00207563
380.1		0.00206528
380.2		0.00205498
380.3		0.00204473
380.4		0.00203453
380.5		0.00202438
380.6		0.00201428
380.7		0.00200424
380.8		0.00199424
380.9		0.0019843
381		0.0019744
381.1		0.00196455
381.2		0.00195475
381.3		0.001945
381.4		0.0019353
381.5		0.00192565
381.6		0.00191605
381.7		0.00190649
381.8		0.00189698
381.9		0.00188752
382		0.00187811
382.1		0.00186874
382.2		0.00185942
382.3		0.00185014
382.4		0.00184092
382.5		0.00183174
382.6		0.0018226
382.7		0.00181351
382.8		0.00180446
382.9		0.00179546
383		0.00178651
383.1		0.0017776
383.2		0.00176873
383.3		0.00175991
383.4		0.00175113
383.5		0.0017424
383.6		0.00173371
383.7		0.00172506
383.8		0.00171646
383.9		0.0017079
384		0.00169938
384.1		0.00169091
384.2		0.00168247
384.3		0.00167408
384.4		0.00166573
384.5		0.00165742
384.6		0.00164916
384.7		0.00164093
384.8		0.00163275
384.9		0.0016246
385		0.0016165
385.1		0.00160844
385.2		0.00160042
385.3		0.00159243
385.4		0.00158449
385.5		0.00157659
385.6		0.00156873
385.7		0.0015609
385.8		0.00155312
385.9		0.00154537
386		0.00153766
386.1		0.00152999
386.2		0.00152236
386.3		0.00151477
386.4		0.00150722
386.5		0.0014997
386.6		0.00149222
386.7		0.00148478
386.8		0.00147737
386.9		0.00147
387		0.00146267
387.1		0.00145538
387.2		0.00144812
387.3		0.00144089
387.4		0.00143371
387.5		0.00142656
387.6		0.00141944
387.7		0.00141236
387.8		0.00140532
387.9		0.00139831
388		0.00139134
388.1		0.0013844
388.2		0.00137749
388.3		0.00137062
388.4		0.00136378
388.5		0.00135698
388.6		0.00135022
388.7		0.00134348
388.8		0.00133678
388.9		0.00133011
389		0.00132348
389.1		0.00131688
389.2		0.00131031
389.3		0.00130377
389.4		0.00129727
389.5		0.0012908
389.6		0.00128436
389.7		0.00127796
389.8		0.00127158
389.9		0.00126524
390		0.00125893
390.1		0.00125265
390.2		0.00124641
390.3		0.00124019
390.4		0.001234
390.5		0.00122785
390.6		0.00122173
390.7		0.00121563
390.8		0.00120957
390.9		0.00120354
391		0.00119753
391.1		0.00119156
391.2		0.00118562
391.3		0.0011797
391.4		0.00117382
391.5		0.00116797
391.6		0.00116214
391.7		0.00115634
391.8		0.00115058
391.9		0.00114484
392		0.00113913
392.1		0.00113345
392.2		0.00112779
392.3		0.00112217
392.4		0.00111657
392.5		0.001111
392.6		0.00110546
392.7		0.00109995
392.8		0.00109446
392.9		0.001089
393		0.00108357
393.1		0.00107817
393.2		0.00107279
393.3		0.00106744
393.4		0.00106212
393.5		0.00105682
393.6		0.00105155
393.7		0.0010463
393.8		0.00104109
393.9		0.00103589
394		0.00103073
394.1		0.00102559
394.2		0.00102047
394.3		0.00101538
394.4		0.00101032
394.5		0.00100528
394.6		0.00100026
394.7		0.000995275
394.8		0.000990311
394.9		0.000985372
395		0.000980457
395.1		0.000975567
395.2		0.000970702
395.3		0.00096586
395.4		0.000961043
395.5		0.00095625
395.6		0.00095148
395.7		0.000946735
395.8		0.000942013
395.9		0.000937315
396		0.00093264
396.1		0.000927988
396.2		0.00092336
396.3		0.000918755
396.4		0.000914172
396.5		0.000909613
396.6		0.000905076
396.7		0.000900562
396.8		0.000896071
396.9		0.000891601
397		0.000887155
397.1		0.00088273
397.2		0.000878327
397.3		0.000873947
397.4		0.000869588
397.5		0.000865251
397.6		0.000860935
397.7		0.000856641
397.8		0.000852369
397.9		0.000848117
398		0.000843887
398.1		0.000839679
398.2		0.000835491
398.3		0.000831324
398.4		0.000827177
398.5		0.000823052
398.6		0.000818947
398.7		0.000814862
398.8		0.000810798
398.9		0.000806754
399		0.000802731
399.1		0.000798727
399.2		0.000794743
399.3		0.00079078
399.4		0.000786835
399.5		0.000782911
399.6		0.000779006
399.7		0.000775121
399.8		0.000771255
399.9		0.000767408
400		0.000763581
400.1		0.000759773
400.2		0.000755983
400.3		0.000752213
400.4		0.000748461
400.5		0.000744728
400.6		0.000741014
400.7		0.000737318
400.8		0.000733641
400.9		0.000729981
401		0.000726341
401.1		0.000722718
401.2		0.000719113
401.3		0.000715527
401.4		0.000711958
401.5		0.000708407
401.6		0.000704874
401.7		0.000701359
401.8		0.00069786
401.9		0.00069438
402		0.000690917
402.1		0.000687471
402.2		0.000684042
402.3		0.00068063
402.4		0.000677236
402.5		0.000673858
402.6		0.000670497
402.7		0.000667153
402.8		0.000663825
402.9		0.000660515
403		0.00065722
403.1		0.000653942
403.2		0.000650681
403.3		0.000647435
403.4		0.000644206
403.5		0.000640993
403.6		0.000637796
403.7		0.000634615
403.8		0.00063145
403.9		0.000628301
404		0.000625167
404.1		0.000622049
404.2		0.000618947
404.3		0.00061586
404.4		0.000612788
404.5		0.000609732
404.6		0.000606691
404.7		0.000603665
404.8		0.000600654
404.9		0.000597658
405		0.000594677
405.1		0.000591711
405.2		0.00058876
405.3		0.000585824
405.4		0.000582902
405.5		0.000579995
405.6		0.000577102
405.7		0.000574224
405.8		0.00057136
405.9		0.00056851
406		0.000565675
406.1		0.000562853
406.2		0.000560046
406.3		0.000557253
406.4		0.000554474
406.5		0.000551708
406.6		0.000548956
406.7		0.000546219
406.8		0.000543494
406.9		0.000540784
407		0.000538086
407.1		0.000535403
407.2		0.000532732
407.3		0.000530075
407.4		0.000527432
407.5		0.000524801
407.6		0.000522184
407.7		0.000519579
407.8		0.000516988
407.9		0.000514409
408		0.000511844
408.1		0.000509291
408.2		0.000506751
408.3		0.000504223
408.4		0.000501708
408.5		0.000499206
408.6		0.000496716
408.7		0.000494239
408.8		0.000491774
408.9		0.000489321
409		0.000486881
409.1		0.000484452
409.2		0.000482036
409.3		0.000479632
409.4		0.00047724
409.5		0.00047486
409.6		0.000472491
409.7		0.000470135
409.8		0.00046779
409.9		0.000465457
410		0.000463135
410.1		0.000460825
410.2		0.000458527
410.3		0.00045624
410.4		0.000453965
410.5		0.0004517
410.6		0.000449448
410.7		0.000447206
410.8		0.000444975
410.9		0.000442756
411		0.000440548
411.1		0.000438351
411.2		0.000436164
411.3		0.000433989
411.4		0.000431824
411.5		0.000429671
411.6		0.000427528
411.7		0.000425395
411.8		0.000423274
411.9		0.000421163
412		0.000419062
412.1		0.000416972
412.2		0.000414892
412.3		0.000412823
412.4		0.000410764
412.5		0.000408715
412.6		0.000406677
412.7		0.000404649
412.8		0.00040263
412.9		0.000400622
413		0.000398624
413.1		0.000396636
413.2		0.000394658
413.3		0.000392689
413.4		0.000390731
413.5		0.000388782
413.6		0.000386843
413.7		0.000384914
413.8		0.000382994
413.9		0.000381084
414		0.000379183
414.1		0.000377292
414.2		0.00037541
414.3		0.000373538
414.4		0.000371675
414.5		0.000369821
414.6		0.000367977
414.7		0.000366141
414.8		0.000364315
414.9		0.000362498
415		0.00036069
415.1		0.000358891
415.2		0.000357101
415.3		0.00035532
415.4		0.000353548
415.5		0.000351785
415.6		0.00035003
415.7		0.000348284
415.8		0.000346547
415.9		0.000344819
416		0.000343099
416.1		0.000341388
416.2		0.000339685
416.3		0.000337991
416.4		0.000336305
416.5		0.000334628
416.6		0.000332959
416.7		0.000331298
416.8		0.000329646
416.9		0.000328002
417		0.000326366
417.1		0.000324738
417.2		0.000323119
417.3		0.000321507
417.4		0.000319903
417.5		0.000318308
417.6		0.00031672
417.7		0.000315141
417.8		0.000313569
417.9		0.000312005
418		0.000310449
418.1		0.0003089
418.2		0.00030736
418.3		0.000305827
418.4		0.000304302
418.5		0.000302784
418.6		0.000301274
418.7		0.000299771
418.8		0.000298276
418.9		0.000296788
419		0.000295308
419.1		0.000293835
419.2		0.00029237
419.3		0.000290912
419.4		0.000289461
419.5		0.000288017
419.6		0.00028658
419.7		0.000285151
419.8		0.000283729
419.9		0.000282314
420		0.000280906
420.1		0.000279505
420.2		0.000278111
420.3		0.000276724
420.4		0.000275343
420.5		0.00027397
420.6		0.000272604
420.7		0.000271244
420.8		0.000269891
420.9		0.000268545
421		0.000267206
421.1		0.000265873
421.2		0.000264547
421.3		0.000263228
421.4		0.000261915
421.5		0.000260608
421.6		0.000259309
421.7		0.000258015
421.8		0.000256729
421.9		0.000255448
422		0.000254174
422.1		0.000252906
422.2		0.000251645
422.3		0.00025039
422.4		0.000249141
422.5		0.000247898
422.6		0.000246662
422.7		0.000245432
422.8		0.000244208
422.9		0.00024299
423		0.000241778
423.1		0.000240572
423.2		0.000239372
423.3		0.000238178
423.4		0.00023699
423.5		0.000235808
423.6		0.000234632
423.7		0.000233462
423.8		0.000232298
423.9		0.000231139
424		0.000229986
424.1		0.000228839
424.2		0.000227698
424.3		0.000226562
424.4		0.000225432
424.5		0.000224308
424.6		0.000223189
424.7		0.000222076
424.8		0.000220968
424.9		0.000219866
425		0.00021877
425.1		0.000217678
425.2		0.000216593
425.3		0.000215513
425.4		0.000214438
425.5		0.000213368
425.6		0.000212304
425.7		0.000211245
425.8		0.000210192
425.9		0.000209143
426		0.0002081
426.1		0.000207062
426.2		0.000206029
426.3		0.000205002
426.4		0.000203979
426.5		0.000202962
426.6		0.00020195
426.7		0.000200943
426.8		0.00019994
426.9		0.000198943
427		0.000197951
427.1		0.000196964
427.2		0.000195981
427.3		0.000195004
427.4		0.000194031
427.5		0.000193064
427.6		0.000192101
427.7		0.000191142
427.8		0.000190189
427.9		0.000189241
428		0.000188297
428.1		0.000187358
428.2		0.000186423
428.3		0.000185493
428.4		0.000184568
428.5		0.000183648
428.6		0.000182732
428.7		0.00018182
428.8		0.000180914
428.9		0.000180011
429		0.000179113
429.1		0.00017822
429.2		0.000177331
429.3		0.000176447
429.4		0.000175567
429.5		0.000174691
429.6		0.00017382
429.7		0.000172953
429.8		0.00017209
429.9		0.000171232
430		0.000170378
430.1		0.000169528
430.2		0.000168683
430.3		0.000167841
430.4		0.000167004
430.5		0.000166171
430.6		0.000165343
430.7		0.000164518
430.8		0.000163697
430.9		0.000162881
431		0.000162069
431.1		0.00016126
431.2		0.000160456
431.3		0.000159656
431.4		0.000158859
431.5		0.000158067
431.6		0.000157279
431.7		0.000156494
431.8		0.000155714
431.9		0.000154937
432		0.000154164
432.1		0.000153395
432.2		0.00015263
432.3		0.000151869
432.4		0.000151112
432.5		0.000150358
432.6		0.000149608
432.7		0.000148862
432.8		0.000148119
432.9		0.000147381
433		0.000146646
433.1		0.000145914
433.2		0.000145187
433.3		0.000144462
433.4		0.000143742
433.5		0.000143025
433.6		0.000142312
433.7		0.000141602
433.8		0.000140896
433.9		0.000140193
434		0.000139494
434.1		0.000138798
434.2		0.000138106
434.3		0.000137417
434.4		0.000136732
434.5		0.00013605
434.6		0.000135371
434.7		0.000134696
434.8		0.000134024
434.9		0.000133356
435		0.00013269
435.1		0.000132029
435.2		0.00013137
435.3		0.000130715
435.4		0.000130063
435.5		0.000129414
435.6		0.000128769
435.7		0.000128127
435.8		0.000127488
435.9		0.000126852
436		0.000126219
436.1		0.00012559
436.2		0.000124963
436.3		0.00012434
436.4		0.00012372
436.5		0.000123103
436.6		0.000122489
436.7		0.000121878
436.8		0.00012127
436.9		0.000120665
437		0.000120063
437.1		0.000119464
437.2		0.000118869
437.3		0.000118276
437.4		0.000117686
437.5		0.000117099
437.6		0.000116515
437.7		0.000115934
437.8		0.000115356
437.9		0.00011478
438		0.000114208
438.1		0.000113638
438.2		0.000113071
438.3		0.000112507
438.4		0.000111946
438.5		0.000111388
438.6		0.000110832
438.7		0.00011028
438.8		0.00010973
438.9		0.000109182
439		0.000108638
439.1		0.000108096
439.2		0.000107557
439.3		0.00010702
439.4		0.000106487
439.5		0.000105955
439.6		0.000105427
439.7		0.000104901
439.8		0.000104378
439.9		0.000103857
440		0.000103339
440.1		0.000102824
440.2		0.000102311
440.3		0.000101801
440.4		0.000101293
440.5		0.000100788
440.6		0.000100285
440.7		9.97851e-05
440.8		9.92874e-05
440.9		9.87923e-05
441		9.82995e-05
441.1		9.78093e-05
441.2		9.73214e-05
441.3		9.6836e-05
441.4		9.63531e-05
441.5		9.58725e-05
441.6		9.53943e-05
441.7		9.49186e-05
441.8		9.44451e-05
441.9		9.39741e-05
442		9.35054e-05
442.1		9.3039e-05
442.2		9.2575e-05
442.3		9.21133e-05
442.4		9.16539e-05
442.5		9.11967e-05
442.6		9.07419e-05
442.7		9.02893e-05
442.8		8.9839e-05
442.9		8.93909e-05
443		8.89451e-05
443.1		8.85015e-05
443.2		8.80601e-05
443.3		8.76209e-05
443.4		8.71839e-05
443.5		8.6749e-05
443.6		8.63164e-05
443.7		8.58859e-05
443.8		8.54575e-05
443.9		8.50313e-05
444		8.46072e-05
444.1		8.41852e-05
444.2		8.37653e-05
444.3		8.33475e-05
444.4		8.29318e-05
444.5		8.25182e-05
444.6		8.21067e-05
444.7		8.16972e-05
444.8		8.12897e-05
444.9		8.08843e-05
445		8.04808e-05
445.1		8.00794e-05
445.2		7.968e-05
445.3		7.92826e-05
445.4		7.88872e-05
445.5		7.84938e-05
445.6		7.81023e-05
445.7		7.77127e-05
445.8		7.73251e-05
445.9		7.69395e-05
446		7.65557e-05
446.1		7.61739e-05
446.2		7.5794e-05
446.3		7.5416e-05
446.4		7.50398e-05
446.5		7.46656e-05
446.6		7.42932e-05
446.7		7.39226e-05
446.8		7.3554e-05
446.9		7.31871e-05
447		7.28221e-05
447.1		7.24589e-05
447.2		7.20975e-05
447.3		7.17379e-05
447.4		7.13801e-05
447.5		7.10241e-05
447.6		7.06699e-05
447.7		7.03174e-05
447.8		6.99667e-05
447.9		6.96177e-05
448		6.92705e-05
448.1		6.8925e-05
448.2		6.85812e-05
448.3		6.82392e-05
448.4		6.78989e-05
448.5		6.75602e-05
448.6		6.72233e-05
448.7		6.6888e-05
448.8		6.65544e-05
448.9		6.62224e-05
449		6.58921e-05
449.1		6.55635e-05
449.2		6.52365e-05
449.3		6.49111e-05
449.4		6.45874e-05
449.5		6.42653e-05
449.6		6.39447e-05
449.7		6.36258e-05
449.8		6.33085e-05
449.9		6.29927e-05
450		6.26785e-05
450.1		6.23659e-05
450.2		6.20549e-05
450.3		6.17454e-05
450.4		6.14374e-05
450.5		6.1131e-05
450.6		6.08261e-05
450.7		6.05227e-05
450.8		6.02209e-05
450.9		5.99205e-05
451		5.96217e-05
451.1		5.93243e-05
451.2		5.90284e-05
451.3		5.8734e-05
451.4		5.84411e-05
451.5		5.81496e-05
451.6		5.78596e-05
451.7		5.7571e-05
451.8		5.72839e-05
451.9		5.69982e-05
452		5.67139e-05
452.1		5.6431e-05
452.2		5.61496e-05
452.3		5.58695e-05
452.4		5.55909e-05
452.5		5.53136e-05
452.6		5.50377e-05
452.7		5.47632e-05
452.8		5.44901e-05
452.9		5.42183e-05
453		5.39479e-05
453.1		5.36789e-05
453.2		5.34111e-05
453.3		5.31447e-05
453.4		5.28797e-05
453.5		5.26159e-05
453.6		5.23535e-05
453.7		5.20924e-05
453.8		5.18326e-05
453.9		5.15741e-05
454		5.13169e-05
454.1		5.10609e-05
454.2		5.08062e-05
454.3		5.05528e-05
454.4		5.03007e-05
454.5		5.00498e-05
454.6		4.98002e-05
454.7		4.95518e-05
454.8		4.93047e-05
454.9		4.90588e-05
455		4.88141e-05
455.1		4.85706e-05
455.2		4.83284e-05
455.3		4.80874e-05
455.4		4.78475e-05
455.5		4.76089e-05
455.6		4.73714e-05
455.7		4.71352e-05
455.8		4.69001e-05
455.9		4.66662e-05
456		4.64334e-05
456.1		4.62018e-05
456.2		4.59714e-05
456.3		4.57421e-05
456.4		4.5514e-05
456.5		4.5287e-05
456.6		4.50611e-05
456.7		4.48363e-05
456.8		4.46127e-05
456.9		4.43902e-05
457		4.41688e-05
457.1		4.39485e-05
457.2		4.37293e-05
457.3		4.35112e-05
457.4		4.32942e-05
457.5		4.30783e-05
457.6		4.28634e-05
457.7		4.26497e-05
457.8		4.24369e-05
457.9		4.22253e-05
458		4.20147e-05
458.1		4.18051e-05
458.2		4.15966e-05
458.3		4.13892e-05
458.4		4.11827e-05
458.5		4.09773e-05
458.6		4.0773e-05
458.7		4.05696e-05
458.8		4.03673e-05
458.9		4.01659e-05
459		3.99656e-05
459.1		3.97663e-05
459.2		3.95679e-05
459.3		3.93706e-05
459.4		3.91742e-05
459.5		3.89788e-05
459.6		3.87844e-05
459.7		3.8591e-05
459.8		3.83985e-05
459.9		3.8207e-05
460		3.80165e-05
460.1		3.78269e-05
460.2		3.76382e-05
460.3		3.74505e-05
460.4		3.72637e-05
460.5		3.70778e-05
460.6		3.68929e-05
460.7		3.67089e-05
460.8		3.65258e-05
460.9		3.63436e-05
461		3.61624e-05
461.1		3.5982e-05
461.2		3.58026e-05
461.3		3.5624e-05
461.4		3.54463e-05
461.5		3.52695e-05
461.6		3.50936e-05
461.7		3.49186e-05
461.8		3.47444e-05
461.9		3.45711e-05
462		3.43987e-05
462.1		3.42271e-05
462.2		3.40564e-05
462.3		3.38866e-05
462.4		3.37176e-05
462.5		3.35494e-05
462.6		3.33821e-05
462.7		3.32156e-05
462.8		3.30499e-05
462.9		3.28851e-05
463		3.27211e-05
463.1		3.25579e-05
463.2		3.23955e-05
463.3		3.22339e-05
463.4		3.20731e-05
463.5		3.19132e-05
463.6		3.1754e-05
463.7		3.15956e-05
463.8		3.14381e-05
463.9		3.12813e-05
464		3.11252e-05
464.1		3.097e-05
464.2		3.08155e-05
464.3		3.06618e-05
464.4		3.05089e-05
464.5		3.03568e-05
464.6		3.02054e-05
464.7		3.00547e-05
464.8		2.99048e-05
464.9		2.97557e-05
465		2.96072e-05
465.1		2.94596e-05
465.2		2.93127e-05
465.3		2.91665e-05
465.4		2.9021e-05
465.5		2.88762e-05
465.6		2.87322e-05
465.7		2.85889e-05
465.8		2.84463e-05
465.9		2.83045e-05
466		2.81633e-05
466.1		2.80228e-05
466.2		2.78831e-05
466.3		2.7744e-05
466.4		2.76056e-05
466.5		2.74679e-05
466.6		2.73309e-05
466.7		2.71946e-05
466.8		2.7059e-05
466.9		2.6924e-05
467		2.67897e-05
467.1		2.66561e-05
467.2		2.65232e-05
467.3		2.63909e-05
467.4		2.62593e-05
467.5		2.61283e-05
467.6		2.5998e-05
467.7		2.58683e-05
467.8		2.57393e-05
467.9		2.56109e-05
468		2.54832e-05
468.1		2.53561e-05
468.2		2.52296e-05
468.3		2.51038e-05
468.4		2.49786e-05
468.5		2.4854e-05
468.6		2.47301e-05
468.7		2.46067e-05
468.8		2.4484e-05
468.9		2.43619e-05
469		2.42404e-05
469.1		2.41195e-05
469.2		2.39992e-05
469.3		2.38795e-05
469.4		2.37604e-05
469.5		2.36419e-05
469.6		2.3524e-05
469.7		2.34066e-05
469.8		2.32899e-05
469.9		2.31737e-05
470		2.30581e-05
470.1		2.29431e-05
470.2		2.28287e-05
470.3		2.27149e-05
470.4		2.26016e-05
470.5		2.24888e-05
470.6		2.23767e-05
470.7		2.22651e-05
470.8		2.2154e-05
470.9		2.20435e-05
471		2.19336e-05
471.1		2.18242e-05
471.2		2.17153e-05
471.3		2.1607e-05
471.4		2.14993e-05
471.5		2.1392e-05
471.6		2.12854e-05
471.7		2.11792e-05
471.8		2.10736e-05
471.9		2.09685e-05
472		2.08639e-05
472.1		2.07598e-05
472.2		2.06563e-05
472.3		2.05533e-05
472.4		2.04507e-05
472.5		2.03487e-05
472.6		2.02473e-05
472.7		2.01463e-05
472.8		2.00458e-05
472.9		1.99458e-05
473		1.98463e-05
473.1		1.97473e-05
473.2		1.96489e-05
473.3		1.95509e-05
473.4		1.94533e-05
473.5		1.93563e-05
473.6		1.92598e-05
473.7		1.91637e-05
473.8		1.90681e-05
473.9		1.8973e-05
474		1.88784e-05
474.1		1.87843e-05
474.2		1.86906e-05
474.3		1.85974e-05
474.4		1.85046e-05
474.5		1.84123e-05
474.6		1.83205e-05
474.7		1.82291e-05
474.8		1.81382e-05
474.9		1.80477e-05
475		1.79577e-05
475.1		1.78681e-05
475.2		1.7779e-05
475.3		1.76903e-05
475.4		1.76021e-05
475.5		1.75143e-05
475.6		1.7427e-05
475.7		1.73401e-05
475.8		1.72536e-05
475.9		1.71675e-05
476		1.70819e-05
476.1		1.69967e-05
476.2		1.69119e-05
476.3		1.68276e-05
476.4		1.67437e-05
476.5		1.66601e-05
476.6		1.6577e-05
476.7		1.64944e-05
476.8		1.64121e-05
476.9		1.63302e-05
477		1.62488e-05
477.1		1.61678e-05
477.2		1.60871e-05
477.3		1.60069e-05
477.4		1.59271e-05
477.5		1.58476e-05
477.6		1.57686e-05
477.7		1.56899e-05
477.8		1.56117e-05
477.9		1.55338e-05
478		1.54563e-05
478.1		1.53792e-05
478.2		1.53025e-05
478.3		1.52262e-05
478.4		1.51503e-05
478.5		1.50747e-05
478.6		1.49995e-05
478.7		1.49247e-05
478.8		1.48503e-05
478.9		1.47762e-05
479		1.47025e-05
479.1		1.46292e-05
479.2		1.45562e-05
479.3		1.44836e-05
479.4		1.44114e-05
479.5		1.43395e-05
479.6		1.4268e-05
479.7		1.41968e-05
479.8		1.4126e-05
479.9		1.40556e-05
480		1.39855e-05
480.1		1.39157e-05
480.2		1.38463e-05
480.3		1.37773e-05
480.4		1.37085e-05
480.5		1.36402e-05
480.6		1.35721e-05
480.7		1.35044e-05
480.8		1.34371e-05
480.9		1.33701e-05
481		1.33034e-05
481.1		1.3237e-05
481.2		1.3171e-05
481.3		1.31053e-05
481.4		1.304e-05
481.5		1.29749e-05
481.6		1.29102e-05
481.7		1.28458e-05
481.8		1.27818e-05
481.9		1.2718e-05
482		1.26546e-05
482.1		1.25915e-05
482.2		1.25287e-05
482.3		1.24662e-05
482.4		1.2404e-05
482.5		1.23421e-05
482.6		1.22806e-05
482.7		1.22193e-05
482.8		1.21584e-05
482.9		1.20977e-05
483		1.20374e-05
483.1		1.19774e-05
483.2		1.19176e-05
483.3		1.18582e-05
483.4		1.17991e-05
483.5		1.17402e-05
483.6		1.16816e-05
483.7		1.16234e-05
483.8		1.15654e-05
483.9		1.15077e-05
484		1.14503e-05
484.1		1.13932e-05
484.2		1.13364e-05
484.3		1.12799e-05
484.4		1.12236e-05
484.5		1.11676e-05
484.6		1.11119e-05
484.7		1.10565e-05
484.8		1.10014e-05
484.9		1.09465e-05
485		1.08919e-05
485.1		1.08376e-05
485.2		1.07835e-05
485.3		1.07297e-05
485.4		1.06762e-05
485.5		1.0623e-05
485.6		1.057e-05
485.7		1.05173e-05
485.8		1.04648e-05
485.9		1.04126e-05
486		1.03607e-05
486.1		1.0309e-05
486.2		1.02576e-05
486.3		1.02064e-05
486.4		1.01555e-05
486.5		1.01049e-05
486.6		1.00545e-05
486.7		1.00043e-05
486.8		9.95444e-06
486.9		9.9048e-06
487		9.8554e-06
487.1		9.80624e-06
487.2		9.75733e-06
487.3		9.70867e-06
487.4		9.66025e-06
487.5		9.61207e-06
487.6		9.56413e-06
487.7		9.51642e-06
487.8		9.46896e-06
487.9		9.42173e-06
488		9.37474e-06
488.1		9.32799e-06
488.2		9.28146e-06
488.3		9.23517e-06
488.4		9.18911e-06
488.5		9.14328e-06
488.6		9.09768e-06
488.7		9.0523e-06
488.8		9.00715e-06
488.9		8.96223e-06
489		8.91753e-06
489.1		8.87306e-06
489.2		8.8288e-06
489.3		8.78477e-06
489.4		8.74095e-06
489.5		8.69736e-06
489.6		8.65398e-06
489.7		8.61082e-06
489.8		8.56787e-06
489.9		8.52514e-06
490		8.48262e-06
490.1		8.44031e-06
490.2		8.39821e-06
490.3		8.35633e-06
490.4		8.31465e-06
490.5		8.27318e-06
490.6		8.23192e-06
490.7		8.19086e-06
490.8		8.15001e-06
490.9		8.10936e-06
491		8.06892e-06
491.1		8.02867e-06
491.2		7.98863e-06
491.3		7.94879e-06
491.4		7.90914e-06
491.5		7.86969e-06
491.6		7.83044e-06
491.7		7.79139e-06
491.8		7.75253e-06
491.9		7.71386e-06
492		7.67539e-06
492.1		7.63711e-06
492.2		7.59902e-06
492.3		7.56112e-06
492.4		7.52341e-06
492.5		7.48588e-06
492.6		7.44855e-06
492.7		7.4114e-06
492.8		7.37443e-06
492.9		7.33765e-06
493		7.30106e-06
493.1		7.26464e-06
493.2		7.22841e-06
493.3		7.19236e-06
493.4		7.15649e-06
493.5		7.12079e-06
493.6		7.08528e-06
493.7		7.04994e-06
493.8		7.01478e-06
493.9		6.97979e-06
494		6.94498e-06
494.1		6.91034e-06
494.2		6.87588e-06
494.3		6.84158e-06
494.4		6.80746e-06
494.5		6.77351e-06
494.6		6.73973e-06
494.7		6.70611e-06
494.8		6.67266e-06
494.9		6.63938e-06
495		6.60627e-06
495.1		6.57332e-06
495.2		6.54054e-06
495.3		6.50792e-06
495.4		6.47546e-06
495.5		6.44316e-06
495.6		6.41103e-06
495.7		6.37905e-06
495.8		6.34723e-06
495.9		6.31558e-06
496		6.28408e-06
496.1		6.25274e-06
496.2		6.22155e-06
496.3		6.19052e-06
496.4		6.15965e-06
496.5		6.12892e-06
496.6		6.09836e-06
496.7		6.06794e-06
496.8		6.03768e-06
496.9		6.00756e-06
497		5.9776e-06
497.1		5.94779e-06
497.2		5.91812e-06
497.3		5.88861e-06
497.4		5.85924e-06
497.5		5.83001e-06
497.6		5.80094e-06
497.7		5.772e-06
497.8		5.74322e-06
497.9		5.71457e-06
498		5.68607e-06
498.1		5.65771e-06
498.2		5.62949e-06
498.3		5.60141e-06
498.4		5.57348e-06
498.5		5.54568e-06
498.6		5.51802e-06
498.7		5.4905e-06
498.8		5.46312e-06
498.9		5.43587e-06
499		5.40876e-06
499.1		5.38178e-06
499.2		5.35494e-06
499.3		5.32823e-06
499.4		5.30166e-06
499.5		5.27521e-06
499.6		5.2489e-06
499.7		5.22272e-06
499.8		5.19668e-06
499.9		5.17076e-06
500		5.14497e-06
500.1		5.11931e-06
