SIMULATION : Neuron membrane potential over time 0.1

The time incrementation between each measure is : 0.1 ms
Total simulation time : 500.2 ms

Time (ms) 	 V (mV) 
0		0
0.1		0
0.2		0
0.3		0
0.4		0
0.5		0
0.6		0
0.7		0
0.8		0
0.9		0
1		0
1.1		0
1.2		0
1.3		0
1.4		0
1.5		0
1.6		0
1.7		0
1.8		0
1.9		0
2		0
2.1		0
2.2		0
2.3		0
2.4		0
2.5		0
2.6		0
2.7		0
2.8		0
2.9		0
3		0
3.1		0
3.2		0
3.3		0
3.4		0
3.5		0
3.6		0
3.7		0
3.8		0
3.9		0
4		0
4.1		0
4.2		0
4.3		0
4.4		0
4.5		0
4.6		0
4.7		0
4.8		0
4.9		0
5		0
5.1		0
5.2		0
5.3		0
5.4		0
5.5		0
5.6		0
5.7		0
5.8		0
5.9		0
6		0
6.1		0
6.2		0
6.3		0
6.4		0
6.5		0
6.6		0
6.7		0
6.8		0
6.9		0
7		0
7.1		0
7.2		0
7.3		0
7.4		0
7.5		0
7.6		0
7.7		0
7.8		0
7.9		0
8		0
8.1		0
8.2		0
8.3		0
8.4		0
8.5		0
8.6		0
8.7		0
8.8		0
8.9		0
9		0
9.1		0
9.2		0
9.3		0
9.4		0
9.5		0
9.6		0
9.7		0
9.8		0
9.9		0
10		0
10.1		0
10.2		0
10.3		0
10.4		0
10.5		0
10.6		0
10.7		0
10.8		0
10.9		0
11		0
11.1		0
11.2		0
11.3		0
11.4		0
11.5		0
11.6		0
11.7		0
11.8		0
11.9		0
12		0
12.1		0
12.2		0
12.3		0
12.4		0
12.5		0
12.6		0
12.7		0
12.8		0
12.9		0
13		0
13.1		0
13.2		0
13.3		0
13.4		0
13.5		0
13.6		0
13.7		0
13.8		0
13.9		0
14		0
14.1		0
14.2		0
14.3		0
14.4		0
14.5		0
14.6		0
14.7		0
14.8		0
14.9		0
15		0
15.1		0
15.2		0
15.3		0
15.4		0
15.5		0
15.6		0
15.7		0
15.8		0
15.9		0
16		0
16.1		0
16.2		0
16.3		0
16.4		0
16.5		0
16.6		0
16.7		0
16.8		0
16.9		0
17		0
17.1		0
17.2		0
17.3		0
17.4		0
17.5		0
17.6		0
17.7		0
17.8		0
17.9		0
18		0
18.1		0
18.2		0
18.3		0
18.4		0
18.5		0
18.6		0
18.7		0
18.8		0
18.9		0
19		0
19.1		0
19.2		0
19.3		0
19.4		0
19.5		0
19.6		0
19.7		0
19.8		0
19.9		0
20		0
20.1		0
20.2		0
20.3		0
20.4		0
20.5		0
20.6		0
20.7		0
20.8		0
20.9		0
21		0
21.1		0
21.2		0
21.3		0
21.4		0
21.5		0
21.6		0
21.7		0
21.8		0
21.9		0
22		0
22.1		0
22.2		0
22.3		0
22.4		0
22.5		0
22.6		0
22.7		0
22.8		0
22.9		0
23		0
23.1		0
23.2		0
23.3		0
23.4		0
23.5		0
23.6		0
23.7		0
23.8		0
23.9		0
24		0
24.1		0
24.2		0
24.3		0
24.4		0
24.5		0
24.6		0
24.7		0
24.8		0
24.9		0
25		0
25.1		0
25.2		0
25.3		0
25.4		0
25.5		0
25.6		0
25.7		0
25.8		0
25.9		0
26		0
26.1		0
26.2		0
26.3		0
26.4		0
26.5		0
26.6		0
26.7		0
26.8		0
26.9		0
27		0
27.1		0
27.2		0
27.3		0
27.4		0
27.5		0
27.6		0
27.7		0
27.8		0
27.9		0
28		0
28.1		0
28.2		0
28.3		0
28.4		0
28.5		0
28.6		0
28.7		0
28.8		0
28.9		0
29		0
29.1		0
29.2		0
29.3		0
29.4		0
29.5		0
29.6		0
29.7		0
29.8		0
29.9		0
30		0
30.1		0
30.2		0
30.3		0
30.4		0
30.5		0
30.6		0
30.7		0
30.8		0
30.9		0
31		0
31.1		0
31.2		0
31.3		0
31.4		0
31.5		0
31.6		0
31.7		0
31.8		0
31.9		0
32		0
32.1		0
32.2		0
32.3		0
32.4		0
32.5		0
32.6		0
32.7		0
32.8		0
32.9		0
33		0
33.1		0
33.2		0
33.3		0
33.4		0
33.5		0
33.6		0
33.7		0
33.8		0
33.9		0
34		0
34.1		0
34.2		0
34.3		0
34.4		0
34.5		0
34.6		0
34.7		0
34.8		0
34.9		0
35		0
35.1		0
35.2		0
35.3		0
35.4		0
35.5		0
35.6		0
35.7		0
35.8		0
35.9		0
36		0
36.1		0
36.2		0
36.3		0
36.4		0
36.5		0
36.6		0
36.7		0
36.8		0
36.9		0
37		0
37.1		0
37.2		0
37.3		0
37.4		0
37.5		0
37.6		0
37.7		0
37.8		0
37.9		0
38		0
38.1		0
38.2		0
38.3		0
38.4		0
38.5		0
38.6		0
38.7		0
38.8		0
38.9		0
39		0
39.1		0
39.2		0
39.3		0
39.4		0
39.5		0
39.6		0
39.7		0
39.8		0
39.9		0
40		0
40.1		0
40.2		0
40.3		0
40.4		0
40.5		0
40.6		0
40.7		0
40.8		0
40.9		0
41		0
41.1		0
41.2		0
41.3		0
41.4		0
41.5		0
41.6		0
41.7		0
41.8		0
41.9		0
42		0
42.1		0
42.2		0
42.3		0
42.4		0
42.5		0
42.6		0
42.7		0
42.8		0
42.9		0
43		0
43.1		0
43.2		0
43.3		0
43.4		0
43.5		0
43.6		0
43.7		0
43.8		0
43.9		0
44		0
44.1		0
44.2		0
44.3		0
44.4		0
44.5		0
44.6		0
44.7		0
44.8		0
44.9		0
45		0
45.1		0
45.2		0
45.3		0
45.4		0
45.5		0
45.6		0
45.7		0
45.8		0
45.9		0
46		0
46.1		0
46.2		0
46.3		0
46.4		0
46.5		0
46.6		0
46.7		0
46.8		0
46.9		0
47		0
47.1		0
47.2		0
47.3		0
47.4		0
47.5		0
47.6		0
47.7		0
47.8		0
47.9		0
48		0
48.1		0
48.2		0
48.3		0
48.4		0
48.5		0
48.6		0
48.7		0
48.8		0
48.9		0
49		0
49.1		0
49.2		0
49.3		0
49.4		0
49.5		0
49.6		0
49.7		0
49.8		0
49.9		0
50		0
50.1		0
50.2		0
50.3		0
50.4		0
50.5		0
50.6		0
50.7		0
50.8		0
50.9		0
51		0
51.1		0
51.2		0
51.3		0
51.4		0
51.5		0
51.6		0
51.7		0
51.8		0
51.9		0
52		0
52.1		0
52.2		0
52.3		0
52.4		0
52.5		0
52.6		0
52.7		0
52.8		0
52.9		0
53		0
53.1		0
53.2		0
53.3		0
53.4		0
53.5		0
53.6		0
53.7		0
53.8		0
53.9		0
54		0
54.1		0
54.2		0
54.3		0
54.4		0
54.5		0
54.6		0
54.7		0
54.8		0
54.9		0
55		0
55.1		0
55.2		0
55.3		0
55.4		0
55.5		0
55.6		0
55.7		0
55.8		0
55.9		0
56		0
56.1		0
56.2		0
56.3		0
56.4		0
56.5		0
56.6		0
56.7		0
56.8		0
56.9		0
57		0
57.1		0
57.2		0
57.3		0
57.4		0
57.5		0
57.6		0
57.7		0
57.8		0
57.9		0
58		0
58.1		0
58.2		0
58.3		0
58.4		0
58.5		0
58.6		0
58.7		0
58.8		0
58.9		0
59		0
59.1		0
59.2		0
59.3		0
59.4		0
59.5		0
59.6		0
59.7		0
59.8		0
59.9		0
60		0
60.1		0
60.2		0
60.3		0
60.4		0
60.5		0
60.6		0
60.7		0
60.8		0
60.9		0
61		0
61.1		0
61.2		0
61.3		0
61.4		0
61.5		0
61.6		0
61.7		0
61.8		0
61.9		0
62		0
62.1		0
62.2		0
62.3		0
62.4		0
62.5		0
62.6		0
62.7		0
62.8		0
62.9		0
63		0
63.1		0
63.2		0
63.3		0
63.4		0
63.5		0
63.6		0
63.7		0
63.8		0
63.9		0
64		0
64.1		0
64.2		0
64.3		0
64.4		0
64.5		0
64.6		0
64.7		0
64.8		0
64.9		0
65		0
65.1		0
65.2		0
65.3		0
65.4		0
65.5		0
65.6		0
65.7		0
65.8		0
65.9		0
66		0
66.1		0
66.2		0
66.3		0
66.4		0
66.5		0
66.6		0
66.7		0
66.8		0
66.9		0
67		0
67.1		0
67.2		0
67.3		0
67.4		0
67.5		0
67.6		0
67.7		0
67.8		0
67.9		0
68		0
68.1		0
68.2		0
68.3		0
68.4		0
68.5		0
68.6		0
68.7		0
68.8		0
68.9		0
69		0
69.1		0
69.2		0
69.3		0
69.4		0
69.5		0
69.6		0
69.7		0
69.8		0
69.9		0
70		0
70.1		0
70.2		0
70.3		0
70.4		0
70.5		0
70.6		0
70.7		0
70.8		0
70.9		0
71		0
71.1		0
71.2		0
71.3		0
71.4		0
71.5		0
71.6		0
71.7		0
71.8		0
71.9		0
72		0
72.1		0
72.2		0
72.3		0
72.4		0
72.5		0
72.6		0
72.7		0
72.8		0
72.9		0
73		0
73.1		0
73.2		0
73.3		0
73.4		0
73.5		0
73.6		0
73.7		0
73.8		0
73.9		0
74		0
74.1		0
74.2		0
74.3		0
74.4		0
74.5		0
74.6		0
74.7		0
74.8		0
74.9		0
75		0
75.1		0
75.2		0
75.3		0
75.4		0
75.5		0
75.6		0
75.7		0
75.8		0
75.9		0
76		0
76.1		0
76.2		0
76.3		0
76.4		0
76.5		0
76.6		0
76.7		0
76.8		0
76.9		0
77		0
77.1		0
77.2		0
77.3		0
77.4		0
77.5		0
77.6		0
77.7		0
77.8		0
77.9		0
78		0
78.1		0
78.2		0
78.3		0
78.4		0
78.5		0
78.6		0
78.7		0
78.8		0
78.9		0
79		0
79.1		0
79.2		0
79.3		0
79.4		0
79.5		0
79.6		0
79.7		0
79.8		0
79.9		0
80		0
80.1		0
80.2		0
80.3		0
80.4		0
80.5		0
80.6		0
80.7		0
80.8		0
80.9		0
81		0
81.1		0
81.2		0
81.3		0
81.4		0
81.5		0
81.6		0
81.7		0
81.8		0
81.9		0
82		0
82.1		0
82.2		0
82.3		0
82.4		0
82.5		0
82.6		0
82.7		0
82.8		0
82.9		0
83		0
83.1		0
83.2		0
83.3		0
83.4		0
83.5		0
83.6		0
83.7		0
83.8		0
83.9		0
84		0
84.1		0
84.2		0
84.3		0
84.4		0
84.5		0
84.6		0
84.7		0
84.8		0
84.9		0
85		0
85.1		0
85.2		0
85.3		0
85.4		0
85.5		0
85.6		0
85.7		0
85.8		0
85.9		0
86		0
86.1		0
86.2		0
86.3		0
86.4		0
86.5		0
86.6		0
86.7		0
86.8		0
86.9		0
87		0
87.1		0
87.2		0
87.3		0
87.4		0
87.5		0
87.6		0
87.7		0
87.8		0
87.9		0
88		0
88.1		0
88.2		0
88.3		0
88.4		0
88.5		0
88.6		0
88.7		0
88.8		0
88.9		0
89		0
89.1		0
89.2		0
89.3		0
89.4		0
89.5		0
89.6		0
89.7		0
89.8		0
89.9		0
90		0
90.1		0
90.2		0
90.3		0
90.4		0
90.5		0
90.6		0
90.7		0
90.8		0
90.9		0
91		0
91.1		0
91.2		0
91.3		0
91.4		0
91.5		0
91.6		0
91.7		0
91.8		0
91.9		0
92		0
92.1		0
92.2		0
92.3		0
92.4		0
92.5		0
92.6		0
92.7		0
92.8		0
92.9		0
93		0
93.1		0
93.2		0
93.3		0
93.4		0
93.5		0
93.6		0
93.7		0
93.8		0
93.9		0
94		0
94.1		0
94.2		0
94.3		0
94.4		0
94.5		0
94.6		0
94.7		0
94.8		0
94.9		0
95		0
95.1		0
95.2		0
95.3		0
95.4		0
95.5		0
95.6		0
95.7		0
95.8		0
95.9		0
96		0
96.1		0
96.2		0
96.3		0
96.4		0
96.5		0
96.6		0
96.7		0
96.8		0
96.9		0
97		0
97.1		0
97.2		0
97.3		0
97.4		0
97.5		0
97.6		0
97.7		0
97.8		0
97.9		0
98		0
98.1		0
98.2		0
98.3		0
98.4		0
98.5		0
98.6		0
98.7		0
98.8		0
98.9		0
99		0
99.1		0
99.2		0
99.3		0
99.4		0
99.5		0
99.6		0
99.7		0
99.8		0
99.9		0
100		0
100.1		0
100.2		0
100.3		0
100.4		0
100.5		0
100.6		0
100.7		0
100.8		0
100.9		0
101		0
101.1		0
101.2		0
101.3		0
101.4		0
101.5		0
101.6		0
101.7		0
101.8		0
101.9		0
102		0
102.1		0
102.2		0
102.3		0
102.4		0
102.5		0
102.6		0
102.7		0
102.8		0
102.9		0
103		0
103.1		0
103.2		0
103.3		0
103.4		0
103.5		0
103.6		0
103.7		0
103.8		0
103.9		0
104		0
104.1		0
104.2		0
104.3		0
104.4		0
104.5		0
104.6		0
104.7		0
104.8		0
104.9		0
105		0
105.1		0
105.2		0
105.3		0
105.4		0
105.5		0
105.6		0
105.7		0
105.8		0
105.9		0
106		0
106.1		0
106.2		0
106.3		0
106.4		0
106.5		0
106.6		0
106.7		0
106.8		0
106.9		0
107		0
107.1		0
107.2		0
107.3		0
107.4		0
107.5		0
107.6		0
107.7		0
107.8		0
107.9		0
108		0
108.1		0
108.2		0
108.3		0
108.4		0
108.5		0
108.6		0
108.7		0
108.8		0
108.9		0
109		0
109.1		0
109.2		0
109.3		0
109.4		0
109.5		0
109.6		0
109.7		0
109.8		0
109.9		0
110		0
110.1		0
110.2		0
110.3		0
110.4		0
110.5		0
110.6		0
110.7		0
110.8		0
110.9		0
111		0
111.1		0
111.2		0
111.3		0
111.4		0
111.5		0
111.6		0
111.7		0
111.8		0
111.9		0
112		0
112.1		0
112.2		0
112.3		0
112.4		0
112.5		0
112.6		0
112.7		0
112.8		0
112.9		0
113		0
113.1		0
113.2		0
113.3		0
113.4		0
113.5		0
113.6		0
113.7		0
113.8		0
113.9		0
114		0
114.1		0
114.2		0
114.3		0
114.4		0
114.5		0
114.6		0
114.7		0
114.8		0
114.9		0
115		0
115.1		0
115.2		0
115.3		0
115.4		0
115.5		0
115.6		0
115.7		0
115.8		0
115.9		0
116		0
116.1		0
116.2		0
116.3		0
116.4		0
116.5		0
116.6		0
116.7		0
116.8		0
116.9		0
117		0
117.1		0
117.2		0
117.3		0
117.4		0
117.5		0
117.6		0
117.7		0
117.8		0
117.9		0
118		0
118.1		0
118.2		0
118.3		0
118.4		0
118.5		0
118.6		0
118.7		0
118.8		0
118.9		0
119		0
119.1		0
119.2		0
119.3		0
119.4		0
119.5		0
119.6		0
119.7		0
119.8		0
119.9		0
120		0
120.1		0
120.2		0
120.3		0
120.4		0
120.5		0
120.6		0
120.7		0
120.8		0
120.9		0
121		0
121.1		0
121.2		0
121.3		0
121.4		0
121.5		0
121.6		0
121.7		0
121.8		0
121.9		0
122		0
122.1		0
122.2		0
122.3		0
122.4		0
122.5		0
122.6		0
122.7		0
122.8		0
122.9		0
123		0
123.1		0
123.2		0
123.3		0
123.4		0
123.5		0
123.6		0
123.7		0
123.8		0
123.9		0
124		0
124.1		0
124.2		0
124.3		0
124.4		0
124.5		0
124.6		0
124.7		0
124.8		0
124.9		0
125		0
125.1		0
125.2		0
125.3		0
125.4		0
125.5		0
125.6		0
125.7		0
125.8		0
125.9		0
126		0
126.1		0
126.2		0
126.3		0
126.4		0
126.5		0
126.6		0
126.7		0
126.8		0
126.9		0
127		0
127.1		0
127.2		0
127.3		0
127.4		0
127.5		0
127.6		0
127.7		0
127.8		0
127.9		0
128		0
128.1		0
128.2		0
128.3		0
128.4		0
128.5		0
128.6		0
128.7		0
128.8		0
128.9		0
129		0
129.1		0
129.2		0
129.3		0
129.4		0
129.5		0
129.6		0
129.7		0
129.8		0
129.9		0
130		0
130.1		0
130.2		0
130.3		0
130.4		0
130.5		0
130.6		0
130.7		0
130.8		0
130.9		0
131		0
131.1		0
131.2		0
131.3		0
131.4		0
131.5		0
131.6		0
131.7		0
131.8		0
131.9		0
132		0
132.1		0
132.2		0
132.3		0
132.4		0
132.5		0
132.6		0
132.7		0
132.8		0
132.9		0
133		0
133.1		0
133.2		0
133.3		0
133.4		0
133.5		0
133.6		0
133.7		0
133.8		0
133.9		0
134		0
134.1		0
134.2		0
134.3		0
134.4		0
134.5		0
134.6		0
134.7		0
134.8		0
134.9		0
135		0
135.1		0
135.2		0
135.3		0
135.4		0
135.5		0
135.6		0
135.7		0
135.8		0
135.9		15
136		14.9252
136.1		14.8507
136.2		14.7767
136.3		14.703
136.4		14.6296
136.5		14.5567
136.6		14.4841
136.7		14.4118
136.8		14.34
136.9		14.2684
137		14.1973
137.1		14.1265
137.2		14.056
137.3		13.9859
137.4		13.9162
137.5		13.8467
137.6		13.7777
137.7		13.709
137.8		13.6406
137.9		13.5726
138		13.5049
138.1		13.4375
138.2		13.3705
138.3		13.3038
138.4		13.2375
138.5		13.1714
138.6		13.1057
138.7		13.0404
138.8		12.9753
138.9		12.9106
139		12.8462
139.1		12.7822
139.2		12.7184
139.3		12.655
139.4		12.5919
139.5		12.5291
139.6		12.4666
139.7		12.4044
139.8		12.3425
139.9		12.281
140		12.2197
140.1		12.1588
140.2		12.0981
140.3		12.0378
140.4		11.9777
140.5		11.918
140.6		11.8586
140.7		11.7994
140.8		11.7406
140.9		11.682
141		11.6237
141.1		11.5658
141.2		11.5081
141.3		11.4507
141.4		11.3936
141.5		11.3368
141.6		11.2802
141.7		11.224
141.8		11.168
141.9		11.1123
142		11.0569
142.1		11.0017
142.2		10.9468
142.3		10.8922
142.4		10.8379
142.5		10.7839
142.6		10.7301
142.7		10.6766
142.8		10.6233
142.9		10.5703
143		10.5176
143.1		10.4651
143.2		10.4129
143.3		10.361
143.4		10.3093
143.5		10.2579
143.6		10.2068
143.7		10.1559
143.8		10.1052
143.9		10.0548
144		10.0047
144.1		9.95475
144.2		9.9051
144.3		9.8557
144.4		9.80655
144.5		9.75764
144.6		9.70897
144.7		9.66055
144.8		9.61236
144.9		9.56442
145		9.51672
145.1		9.46925
145.2		9.42203
145.3		9.37503
145.4		9.32828
145.5		9.28175
145.6		9.23546
145.7		9.1894
145.8		9.14356
145.9		9.09796
146		9.05258
146.1		9.00743
146.2		8.96251
146.3		8.91781
146.4		8.87333
146.5		8.82907
146.6		8.78504
146.7		8.74122
146.8		8.69763
146.9		8.65425
147		8.61108
147.1		8.56814
147.2		8.5254
147.3		8.48288
147.4		8.44057
147.5		8.39848
147.6		8.35659
147.7		8.31491
147.8		8.27344
147.9		8.23217
148		8.19112
148.1		8.15026
148.2		8.10961
148.3		8.06917
148.4		8.02892
148.5		7.98888
148.6		7.94903
148.7		7.90939
148.8		7.86994
148.9		7.83069
149		7.79163
149.1		7.75277
149.2		7.7141
149.3		7.67563
149.4		7.63735
149.5		7.59925
149.6		7.56135
149.7		7.52364
149.8		7.48612
149.9		7.44878
150		7.41163
150.1		7.37466
150.2		7.33788
150.3		7.30128
150.4		7.26487
150.5		7.22863
150.6		7.19258
150.7		7.15671
150.8		7.12101
150.9		7.0855
151		7.05016
151.1		7.015
151.2		6.98001
151.3		6.9452
151.4		6.91056
151.5		6.87609
151.6		6.8418
151.7		6.80767
151.8		6.77372
151.9		6.73993
152		6.70632
152.1		6.67287
152.2		6.63959
152.3		6.60647
152.4		6.57352
152.5		6.54074
152.6		6.50812
152.7		6.47566
152.8		6.44336
152.9		6.41122
153		6.37925
153.1		6.34743
153.2		6.31577
153.3		6.28427
153.4		6.25293
153.5		6.22174
153.6		6.19071
153.7		6.15984
153.8		6.12911
153.9		6.09854
154		6.06813
154.1		6.03786
154.2		6.00775
154.3		5.97779
154.4		5.94797
154.5		5.91831
154.6		5.88879
154.7		5.85942
154.8		5.83019
154.9		5.80112
155		5.77218
155.1		5.74339
155.2		5.71475
155.3		5.68625
155.4		5.65789
155.5		5.62967
155.6		5.60159
155.7		5.57365
155.8		5.54585
155.9		5.51819
156		5.49067
156.1		5.46328
156.2		5.43604
156.3		5.40892
156.4		5.38195
156.5		5.3551
156.6		5.3284
156.7		5.30182
156.8		5.27538
156.9		5.24907
157		5.22289
157.1		5.19684
157.2		5.17092
157.3		5.14513
157.4		5.11947
157.5		5.09393
157.6		5.06853
157.7		5.04325
157.8		5.01809
157.9		4.99307
158		4.96816
158.1		4.94338
158.2		4.91873
158.3		4.8942
158.4		4.86979
158.5		4.8455
158.6		4.82133
158.7		4.79729
158.8		4.77336
158.9		4.74955
159		4.72586
159.1		4.70229
159.2		4.67884
159.3		4.6555
159.4		4.63228
159.5		4.60918
159.6		4.58619
159.7		4.56332
159.8		4.54056
159.9		4.51791
160		4.49538
160.1		4.47296
160.2		4.45065
160.3		4.42845
160.4		4.40637
160.5		4.38439
160.6		4.36252
160.7		4.34076
160.8		4.31911
160.9		4.29757
161		4.27614
161.1		4.25481
161.2		4.23359
161.3		4.21247
161.4		4.19146
161.5		4.17056
161.6		4.14976
161.7		4.12906
161.8		4.10847
161.9		4.08798
162		4.06759
162.1		4.0473
162.2		4.02711
162.3		4.00703
162.4		3.98704
162.5		3.96716
162.6		3.94737
162.7		3.92769
162.8		3.9081
162.9		3.8886
163		3.86921
163.1		3.84991
163.2		3.83071
163.3		3.8116
163.4		3.79259
163.5		3.77368
163.6		3.75486
163.7		3.73613
163.8		3.7175
163.9		3.69895
164		3.68051
164.1		3.66215
164.2		3.64388
164.3		3.62571
164.4		3.60763
164.5		3.58963
164.6		3.57173
164.7		3.55392
164.8		3.53619
164.9		3.51855
165		3.50101
165.1		3.48354
165.2		3.46617
165.3		3.44888
165.4		3.43168
165.5		3.41457
165.6		3.39754
165.7		3.38059
165.8		3.36373
165.9		3.34695
166		3.33026
166.1		3.31365
166.2		3.29712
166.3		3.28068
166.4		3.26432
166.5		3.24804
166.6		3.23184
166.7		3.21572
166.8		3.19968
166.9		3.18372
167		3.16784
167.1		3.15204
167.2		3.13632
167.3		3.12068
167.4		3.10511
167.5		3.08963
167.6		3.07422
167.7		3.05888
167.8		3.04363
167.9		3.02845
168		3.01334
168.1		2.99831
168.2		2.98336
168.3		2.96848
168.4		2.95368
168.5		2.93894
168.6		2.92429
168.7		2.9097
168.8		2.89519
168.9		2.88075
169		2.86638
169.1		2.85208
169.2		2.83786
169.3		2.82371
169.4		2.80962
169.5		2.79561
169.6		2.78167
169.7		2.76779
169.8		2.75399
169.9		2.74025
170		2.72659
170.1		2.71299
170.2		2.69946
170.3		2.68599
170.4		2.6726
170.5		2.65927
170.6		2.646
170.7		2.63281
170.8		2.61967
170.9		2.60661
171		2.59361
171.1		2.58067
171.2		2.5678
171.3		2.55499
171.4		2.54225
171.5		2.52957
171.6		2.51696
171.7		2.5044
171.8		2.49191
171.9		2.47948
172		2.46712
172.1		2.45481
172.2		2.44257
172.3		2.43039
172.4		2.41826
172.5		2.4062
172.6		2.3942
172.7		2.38226
172.8		2.37038
172.9		2.35856
173		2.34679
173.1		2.33509
173.2		2.32344
173.3		2.31185
173.4		2.30032
173.5		2.28885
173.6		2.27744
173.7		2.26608
173.8		2.25478
173.9		17.2435
174		17.1575
174.1		17.072
174.2		16.9868
174.3		16.9021
174.4		16.8178
174.5		16.7339
174.6		16.6504
174.7		16.5674
174.8		16.4848
174.9		16.4026
175		16.3207
175.1		16.2393
175.2		16.1584
175.3		16.0778
175.4		15.9976
175.5		15.9178
175.6		15.8384
175.7		15.7594
175.8		15.6808
175.9		15.6026
176		15.5248
176.1		15.4473
176.2		15.3703
176.3		15.2936
176.4		15.2174
176.5		15.1415
176.6		15.0659
176.7		14.9908
176.8		14.916
176.9		14.8416
177		14.7676
177.1		14.694
177.2		14.6207
177.3		14.5478
177.4		14.4752
177.5		14.403
177.6		14.3312
177.7		14.2597
177.8		14.1886
177.9		14.1178
178		14.0474
178.1		13.9773
178.2		13.9076
178.3		13.8383
178.4		13.7692
178.5		13.7006
178.6		13.6322
178.7		13.5642
178.8		13.4966
178.9		13.4293
179		13.3623
179.1		13.2957
179.2		13.2293
179.3		13.1634
179.4		13.0977
179.5		13.0324
179.6		12.9674
179.7		12.9027
179.8		12.8384
179.9		12.7743
180		12.7106
180.1		12.6472
180.2		12.5841
180.3		12.5214
180.4		12.4589
180.5		12.3968
180.6		12.335
180.7		12.2734
180.8		12.2122
180.9		12.1513
181		12.0907
181.1		12.0304
181.2		11.9704
181.3		11.9107
181.4		11.8513
181.5		11.7922
181.6		11.7334
181.7		11.6749
181.8		11.6166
181.9		11.5587
182		11.501
182.1		11.4437
182.2		11.3866
182.3		11.3298
182.4		11.2733
182.5		11.2171
182.6		11.1611
182.7		11.1055
182.8		11.0501
182.9		10.995
183		10.9401
183.1		10.8856
183.2		10.8313
183.3		10.7772
183.4		10.7235
183.5		10.67
183.6		10.6168
183.7		10.5638
183.8		10.5112
183.9		10.4587
184		10.4066
184.1		10.3547
184.2		10.303
184.3		10.2516
184.4		10.2005
184.5		10.1496
184.6		10.099
184.7		10.0486
184.8		9.99852
184.9		9.94865
185		9.89903
185.1		9.84966
185.2		9.80053
185.3		9.75165
185.4		9.70302
185.5		9.65462
185.6		9.60647
185.7		9.55856
185.8		9.51089
185.9		9.46345
186		9.41625
186.1		9.36929
186.2		9.32256
186.3		9.27606
186.4		9.2298
186.5		9.18376
186.6		9.13796
186.7		9.09238
186.8		9.04703
186.9		9.00191
187		8.95701
187.1		8.91234
187.2		8.86789
187.3		8.82366
187.4		8.77965
187.5		8.73586
187.6		8.69229
187.7		8.64894
187.8		8.6058
187.9		8.56288
188		8.52018
188.1		8.47768
188.2		8.4354
188.3		8.39333
188.4		8.35146
188.5		8.30981
188.6		8.26837
188.7		8.22713
188.8		8.18609
188.9		8.14527
189		8.10464
189.1		8.06422
189.2		8.024
189.3		7.98398
189.4		7.94416
189.5		7.90454
189.6		7.86511
189.7		7.82589
189.8		7.78685
189.9		7.74802
190		7.70937
190.1		7.67092
190.2		7.63266
190.3		7.5946
190.4		7.55672
190.5		7.51903
190.6		7.48153
190.7		7.44421
190.8		7.40708
190.9		7.37014
191		7.33338
191.1		7.29681
191.2		7.26041
191.3		7.2242
191.4		7.18817
191.5		7.15232
191.6		7.11665
191.7		7.08115
191.8		7.04584
191.9		7.0107
192		6.97573
192.1		6.94094
192.2		6.90632
192.3		6.87187
192.4		6.8376
192.5		6.8035
192.6		6.76957
192.7		6.7358
192.8		6.70221
192.9		6.66878
193		6.63552
193.1		6.60242
193.2		6.56949
193.3		6.53673
193.4		6.50413
193.5		6.47169
193.6		6.43941
193.7		6.40729
193.8		6.37534
193.9		6.34354
194		6.3119
194.1		6.28042
194.2		6.2491
194.3		6.21793
194.4		6.18692
194.5		6.15606
194.6		6.12536
194.7		6.09481
194.8		6.06441
194.9		6.03416
195		6.00407
195.1		5.97412
195.2		5.94432
195.3		5.91468
195.4		5.88518
195.5		5.85583
195.6		5.82662
195.7		5.79756
195.8		5.76864
195.9		5.73987
196		5.71124
196.1		5.68276
196.2		5.65442
196.3		5.62622
196.4		5.59815
196.5		5.57023
196.6		5.54245
196.7		5.51481
196.8		5.4873
196.9		5.45994
197		5.4327
197.1		5.40561
197.2		5.37865
197.3		5.35182
197.4		5.32513
197.5		5.29857
197.6		5.27214
197.7		5.24585
197.8		5.21968
197.9		5.19365
198		5.16775
198.1		5.14197
198.2		5.11633
198.3		5.09081
198.4		5.06542
198.5		5.04016
198.6		5.01502
198.7		4.99001
198.8		4.96512
198.9		4.94035
199		4.91571
199.1		4.8912
199.2		4.8668
199.3		4.84253
199.4		4.81838
199.5		4.79434
199.6		4.77043
199.7		4.74664
199.8		4.72297
199.9		4.69941
200		4.67597
200.1		4.65265
200.2		4.62944
200.3		4.60636
200.4		4.58338
200.5		4.56052
200.6		4.53778
200.7		4.51514
200.8		4.49262
200.9		4.47022
201		4.44792
201.1		4.42574
201.2		4.40366
201.3		4.3817
201.4		4.35985
201.5		4.3381
201.6		4.31647
201.7		4.29494
201.8		4.27352
201.9		4.2522
202		4.23099
202.1		4.20989
202.2		4.18889
202.3		4.168
202.4		4.14721
202.5		4.12653
202.6		4.10595
202.7		4.08547
202.8		4.06509
202.9		4.04482
203		4.02465
203.1		4.00457
203.2		3.9846
203.3		3.96473
203.4		3.94495
203.5		3.92528
203.6		3.9057
203.7		3.88622
203.8		3.86684
203.9		3.84755
204		3.82836
204.1		3.80927
204.2		3.79027
204.3		3.77136
204.4		3.75256
204.5		3.73384
204.6		3.71522
204.7		3.69669
204.8		3.67825
204.9		3.6599
205		3.64165
205.1		3.62349
205.2		3.60542
205.3		3.58743
205.4		3.56954
205.5		3.55174
205.6		3.53402
205.7		3.5164
205.8		3.49886
205.9		3.48141
206		3.46404
206.1		3.44677
206.2		3.42958
206.3		3.41247
206.4		3.39545
206.5		3.37852
206.6		3.36167
206.7		3.3449
206.8		3.32822
206.9		3.31162
207		3.2951
207.1		3.27867
207.2		3.26231
207.3		3.24604
207.4		3.22985
207.5		3.21375
207.6		3.19772
207.7		3.18177
207.8		3.1659
207.9		3.15011
208		3.1344
208.1		3.11876
208.2		3.10321
208.3		3.08773
208.4		3.07233
208.5		3.05701
208.6		3.04176
208.7		3.02659
208.8		3.0115
208.9		2.99648
209		2.98153
209.1		2.96666
209.2		2.95186
209.3		2.93714
209.4		2.92249
209.5		2.90792
209.6		2.89341
209.7		2.87898
209.8		2.86462
209.9		2.85034
210		2.83612
210.1		2.82197
210.2		2.8079
210.3		2.7939
210.4		2.77996
210.5		2.7661
210.6		2.7523
210.7		2.73857
210.8		2.72491
210.9		2.71132
211		2.6978
211.1		2.68435
211.2		2.67096
211.3		2.65764
211.4		2.64438
211.5		2.63119
211.6		2.61807
211.7		2.60501
211.8		2.59202
211.9		17.5791
212		17.4914
212.1		17.4042
212.2		17.3174
212.3		17.231
212.4		17.1451
212.5		17.0596
212.6		16.9745
212.7		16.8898
212.8		16.8056
212.9		16.7217
213		16.6383
213.1		16.5554
213.2		16.4728
213.3		16.3906
213.4		16.3089
213.5		16.2275
213.6		16.1466
213.7		16.0661
213.8		15.9859
213.9		15.9062
214		15.8269
214.1		15.7479
214.2		15.6694
214.3		15.5913
214.4		15.5135
214.5		15.4361
214.6		15.3591
214.7		15.2825
214.8		15.2063
214.9		15.1305
215		15.055
215.1		14.9799
215.2		14.9052
215.3		14.8309
215.4		14.7569
215.5		14.6833
215.6		14.6101
215.7		14.5372
215.8		14.4647
215.9		14.3925
216		14.3208
216.1		14.2493
216.2		14.1783
216.3		14.1076
216.4		14.0372
216.5		13.9672
216.6		13.8975
216.7		13.8282
216.8		13.7592
216.9		13.6906
217		13.6223
217.1		13.5544
217.2		13.4868
217.3		13.4195
217.4		13.3526
217.5		13.286
217.6		13.2197
217.7		13.1538
217.8		13.0882
217.9		13.0229
218		12.958
218.1		12.8933
218.2		12.829
218.3		12.765
218.4		12.7014
218.5		12.638
218.6		12.575
218.7		12.5123
218.8		12.4499
218.9		12.3878
219		12.326
219.1		12.2645
219.2		12.2033
219.3		12.1425
219.4		12.0819
219.5		12.0217
219.6		11.9617
219.7		11.902
219.8		11.8427
219.9		11.7836
220		11.7248
220.1		11.6664
220.2		11.6082
220.3		11.5503
220.4		11.4927
220.5		11.4354
220.6		11.3783
220.7		11.3216
220.8		11.2651
220.9		11.2089
221		11.153
221.1		11.0974
221.2		11.042
221.3		10.987
221.4		10.9322
221.5		10.8776
221.6		10.8234
221.7		10.7694
221.8		10.7157
221.9		10.6623
222		10.6091
222.1		10.5562
222.2		10.5035
222.3		10.4511
222.4		10.399
222.5		10.3471
222.6		10.2955
222.7		10.2442
222.8		10.1931
222.9		10.1423
223		10.0917
223.1		10.0413
223.2		9.99125
223.3		9.94142
223.4		9.89184
223.5		9.8425
223.6		9.79341
223.7		9.74457
223.8		9.69597
223.9		9.64761
224		9.59949
224.1		9.55161
224.2		9.50398
224.3		9.45657
224.4		9.40941
224.5		9.36248
224.6		9.31578
224.7		9.26932
224.8		9.22309
224.9		9.17709
225		9.13132
225.1		9.08578
225.2		9.04046
225.3		8.99537
225.4		8.95051
225.5		8.90587
225.6		8.86145
225.7		8.81725
225.8		8.77328
225.9		8.72952
226		8.68598
226.1		8.64266
226.2		8.59955
226.3		8.55666
226.4		8.51399
226.5		8.47152
226.6		8.42927
226.7		8.38723
226.8		8.3454
226.9		8.30377
227		8.26236
227.1		8.22115
227.2		8.18015
227.3		8.13935
227.4		8.09875
227.5		8.05836
227.6		8.01817
227.7		7.97818
227.8		7.93839
227.9		7.89879
228		7.8594
228.1		7.8202
228.2		7.7812
228.3		7.74239
228.4		7.70377
228.5		7.66535
228.6		7.62712
228.7		7.58908
228.8		7.55123
228.9		7.51357
229		7.47609
229.1		7.4388
229.2		7.4017
229.3		7.36479
229.4		7.32806
229.5		7.29151
229.6		7.25514
229.7		7.21895
229.8		7.18295
229.9		7.14712
230		7.11148
230.1		7.07601
230.2		7.04072
230.3		7.0056
230.4		6.97066
230.5		6.9359
230.6		6.9013
230.7		6.86688
230.8		6.83263
230.9		6.79856
231		6.76465
231.1		6.73091
231.2		6.69734
231.3		6.66394
231.4		6.6307
231.5		6.59763
231.6		6.56472
231.7		6.53198
231.8		6.4994
231.9		6.46699
232		6.43473
232.1		6.40264
232.2		6.37071
232.3		6.33893
232.4		6.30732
232.5		6.27586
232.6		6.24456
232.7		6.21341
232.8		6.18242
232.9		6.15159
233		6.12091
233.1		6.09038
233.2		6.06
233.3		6.02978
233.4		5.9997
233.5		5.96978
233.6		5.94001
233.7		5.91038
233.8		5.8809
233.9		5.85157
234		5.82239
234.1		5.79335
234.2		5.76445
234.3		5.7357
234.4		5.7071
234.5		5.67863
234.6		5.65031
234.7		5.62213
234.8		5.59409
234.9		5.56619
235		5.53843
235.1		5.5108
235.2		5.48332
235.3		5.45597
235.4		5.42876
235.5		5.40168
235.6		5.37474
235.7		5.34793
235.8		5.32126
235.9		5.29472
236		5.26831
236.1		5.24204
236.2		5.21589
236.3		5.18988
236.4		5.16399
236.5		5.13824
236.6		5.11261
236.7		5.08711
236.8		5.06174
236.9		5.03649
237		5.01137
237.1		4.98638
237.2		4.96151
237.3		4.93676
237.4		4.91214
237.5		4.88764
237.6		4.86327
237.7		4.83901
237.8		4.81488
237.9		4.79086
238		4.76697
238.1		4.74319
238.2		4.71953
238.3		4.696
238.4		4.67257
238.5		4.64927
238.6		4.62608
238.7		4.60301
238.8		4.58005
238.9		4.55721
239		4.53448
239.1		4.51186
239.2		4.48936
239.3		4.46697
239.4		4.44469
239.5		4.42252
239.6		4.40046
239.7		4.37852
239.8		4.35668
239.9		4.33495
240		4.31333
240.1		4.29182
240.2		4.27041
240.3		4.24911
240.4		4.22792
240.5		4.20683
240.6		4.18585
240.7		4.16497
240.8		4.1442
240.9		4.12353
241		4.10297
241.1		4.0825
241.2		4.06214
241.3		4.04188
241.4		4.02172
241.5		4.00166
241.6		3.98171
241.7		3.96185
241.8		3.94209
241.9		3.92243
242		3.90286
242.1		3.8834
242.2		3.86403
242.3		3.84476
242.4		3.82558
242.5		3.8065
242.6		3.78752
242.7		3.76862
242.8		3.74983
242.9		3.73113
243		3.71252
243.1		3.694
243.2		3.67558
243.3		3.65725
243.4		3.639
243.5		3.62085
243.6		3.6028
243.7		3.58483
243.8		3.56695
243.9		3.54916
244		3.53146
244.1		3.51384
244.2		3.49632
244.3		3.47888
244.4		3.46153
244.5		3.44426
244.6		3.42709
244.7		3.40999
244.8		3.39299
244.9		3.37606
245		3.35922
245.1		3.34247
245.2		3.3258
245.3		3.30921
245.4		3.29271
245.5		3.27629
245.6		3.25994
245.7		3.24369
245.8		3.22751
245.9		3.21141
246		3.19539
246.1		3.17946
246.2		3.1636
246.3		3.14782
246.4		3.13212
246.5		3.1165
246.6		3.10096
246.7		3.08549
246.8		3.0701
246.9		3.05479
247		3.03955
247.1		3.02439
247.2		3.00931
247.3		2.9943
247.4		2.97936
247.5		2.96451
247.6		2.94972
247.7		2.93501
247.8		2.92037
247.9		2.9058
248		2.89131
248.1		2.87689
248.2		2.86254
248.3		2.84827
248.4		2.83406
248.5		2.81992
248.6		2.80586
248.7		2.79187
248.8		2.77794
248.9		2.76409
249		2.7503
249.1		2.73658
249.2		2.72293
249.3		2.70935
249.4		2.69584
249.5		2.6824
249.6		2.66902
249.7		2.65571
249.8		2.64246
249.9		17.6293
250		17.5414
250.1		17.4539
250.2		17.3668
250.3		17.2802
250.4		17.194
250.5		17.1083
250.6		17.0229
250.7		16.938
250.8		16.8535
250.9		16.7695
251		16.6859
251.1		16.6026
251.2		16.5198
251.3		16.4374
251.4		16.3555
251.5		16.2739
251.6		16.1927
251.7		16.1119
251.8		16.0316
251.9		15.9516
252		15.8721
252.1		15.7929
252.2		15.7141
252.3		15.6358
252.4		15.5578
252.5		15.4802
252.6		15.403
252.7		15.3262
252.8		15.2497
252.9		15.1737
253		15.098
253.1		15.0227
253.2		14.9478
253.3		14.8732
253.4		14.799
253.5		14.7252
253.6		14.6518
253.7		14.5787
253.8		14.506
253.9		14.4336
254		14.3616
254.1		14.29
254.2		14.2187
254.3		14.1478
254.4		14.0773
254.5		14.0071
254.6		13.9372
254.7		13.8677
254.8		13.7985
254.9		13.7297
255		13.6612
255.1		13.5931
255.2		13.5253
255.3		13.4578
255.4		13.3907
255.5		13.3239
255.6		13.2575
255.7		13.1913
255.8		13.1256
255.9		13.0601
256		12.995
256.1		12.9301
256.2		12.8657
256.3		12.8015
256.4		12.7376
256.5		12.6741
256.6		12.6109
256.7		12.548
256.8		12.4854
256.9		12.4231
257		12.3612
257.1		12.2995
257.2		12.2382
257.3		12.1771
257.4		12.1164
257.5		12.056
257.6		11.9959
257.7		11.936
257.8		11.8765
257.9		11.8173
258		11.7583
258.1		11.6997
258.2		11.6413
258.3		11.5833
258.4		11.5255
258.5		11.468
258.6		11.4108
258.7		11.3539
258.8		11.2973
258.9		11.2409
259		11.1849
259.1		11.1291
259.2		11.0736
259.3		11.0183
259.4		10.9634
259.5		10.9087
259.6		10.8543
259.7		10.8002
259.8		10.7463
259.9		10.6927
260		10.6394
260.1		10.5863
260.2		10.5335
260.3		10.481
260.4		10.4287
260.5		10.3767
260.6		10.3249
260.7		10.2734
260.8		10.2222
260.9		10.1712
261		10.1205
261.1		10.07
261.2		10.0198
261.3		9.96981
261.4		9.92008
261.5		9.87061
261.6		9.82138
261.7		9.77239
261.8		9.72365
261.9		9.67515
262		9.6269
262.1		9.57888
262.2		9.53111
262.3		9.48357
262.4		9.43627
262.5		9.38921
262.6		9.34238
262.7		9.29579
262.8		9.24942
262.9		9.20329
263		9.15739
263.1		9.11172
263.2		9.06627
263.3		9.02105
263.4		8.97606
263.5		8.93129
263.6		8.88675
263.7		8.84243
263.8		8.79832
263.9		8.75444
264		8.71078
264.1		8.66733
264.2		8.6241
264.3		8.58109
264.4		8.53829
264.5		8.49571
264.6		8.45334
264.7		8.41117
264.8		8.36922
264.9		8.32748
265		8.28595
265.1		8.24462
265.2		8.2035
265.3		8.16259
265.4		8.12188
265.5		8.08137
265.6		8.04106
265.7		8.00096
265.8		7.96105
265.9		7.92135
266		7.88184
266.1		7.84253
266.2		7.80341
266.3		7.76449
266.4		7.72577
266.5		7.68724
266.6		7.64889
266.7		7.61075
266.8		7.57279
266.9		7.53502
267		7.49744
267.1		7.46004
267.2		7.42284
267.3		7.38581
267.4		7.34898
267.5		7.31232
267.6		7.27585
267.7		7.23957
267.8		7.20346
267.9		7.16753
268		7.13178
268.1		7.09621
268.2		7.06082
268.3		7.0256
268.4		6.99056
268.5		6.9557
268.6		6.92101
268.7		6.88649
268.8		6.85214
268.9		6.81797
269		6.78396
269.1		6.75013
269.2		6.71646
269.3		6.68296
269.4		6.64963
269.5		6.61646
269.6		6.58346
269.7		6.55063
269.8		6.51796
269.9		6.48545
270		6.4531
270.1		6.42092
270.2		6.38889
270.3		6.35703
270.4		6.32532
270.5		6.29378
270.6		6.26239
270.7		6.23115
270.8		6.20007
270.9		6.16915
271		6.13838
271.1		6.10777
271.2		6.0773
271.3		6.04699
271.4		6.01683
271.5		5.98682
271.6		5.95697
271.7		5.92725
271.8		5.89769
271.9		5.86828
272		5.83901
272.1		5.80989
272.2		5.78091
272.3		5.75208
272.4		5.72339
272.5		5.69484
272.6		5.66644
272.7		5.63818
272.8		5.61006
272.9		5.58208
273		5.55424
273.1		5.52654
273.2		5.49897
273.3		5.47155
273.4		5.44426
273.5		5.4171
273.6		5.39009
273.7		5.3632
273.8		5.33645
273.9		5.30984
274		5.28335
274.1		5.257
274.2		5.23078
274.3		5.2047
274.4		5.17874
274.5		5.15291
274.6		5.12721
274.7		5.10164
274.8		5.07619
274.9		5.05087
275		5.02568
275.1		5.00062
275.2		4.97568
275.3		4.95086
275.4		4.92617
275.5		4.9016
275.6		4.87715
275.7		4.85283
275.8		4.82862
275.9		4.80454
276		4.78058
276.1		4.75673
276.2		4.73301
276.3		4.7094
276.4		4.68591
276.5		4.66254
276.6		4.63929
276.7		4.61615
276.8		4.59313
276.9		4.57022
277		4.54743
277.1		4.52474
277.2		4.50218
277.3		4.47972
277.4		4.45738
277.5		4.43515
277.6		4.41303
277.7		4.39102
277.8		4.36912
277.9		4.34733
278		4.32564
278.1		4.30407
278.2		4.2826
278.3		4.26124
278.4		4.23999
278.5		4.21884
278.6		4.1978
278.7		4.17687
278.8		4.15603
278.9		4.13531
279		4.11468
279.1		4.09416
279.2		4.07374
279.3		4.05342
279.4		4.0332
279.5		4.01309
279.6		3.99307
279.7		3.97316
279.8		3.95334
279.9		3.93362
280		3.91401
280.1		3.89448
280.2		3.87506
280.3		3.85573
280.4		3.8365
280.5		3.81737
280.6		3.79833
280.7		3.77938
280.8		3.76053
280.9		3.74178
281		3.72312
281.1		3.70455
281.2		3.68607
281.3		3.66769
281.4		3.64939
281.5		3.63119
281.6		3.61308
281.7		3.59506
281.8		3.57713
281.9		3.55929
282		3.54154
282.1		3.52387
282.2		3.5063
282.3		3.48881
282.4		3.47141
282.5		3.4541
282.6		3.43687
282.7		3.41973
282.8		3.40267
282.9		3.3857
283		3.36882
283.1		3.35201
283.2		3.3353
283.3		3.31866
283.4		3.30211
283.5		3.28564
283.6		3.26925
283.7		3.25295
283.8		3.23672
283.9		3.22058
284		3.20452
284.1		3.18853
284.2		3.17263
284.3		3.15681
284.4		3.14106
284.5		3.1254
284.6		3.10981
284.7		3.0943
284.8		3.07887
284.9		3.06351
285		3.04823
285.1		3.03303
285.2		3.0179
285.3		3.00285
285.4		2.98787
285.5		2.97297
285.6		2.95814
285.7		2.94339
285.8		2.92871
285.9		2.9141
286		2.89957
286.1		2.8851
286.2		2.87072
286.3		2.8564
286.4		2.84215
286.5		2.82798
286.6		2.81387
286.7		2.79984
286.8		2.78587
286.9		2.77198
287		2.75815
287.1		2.7444
287.2		2.73071
287.3		2.71709
287.4		2.70354
287.5		2.69005
287.6		2.67664
287.7		2.66329
287.8		2.65
287.9		17.6368
288		17.5488
288.1		17.4613
288.2		17.3742
288.3		17.2876
288.4		17.2013
288.5		17.1155
288.6		17.0302
288.7		16.9452
288.8		16.8607
288.9		16.7766
289		16.693
289.1		16.6097
289.2		16.5269
289.3		16.4444
289.4		16.3624
289.5		16.2808
289.6		16.1996
289.7		16.1188
289.8		16.0384
289.9		15.9584
290		15.8788
290.1		15.7996
290.2		15.7208
290.3		15.6424
290.4		15.5644
290.5		15.4868
290.6		15.4095
290.7		15.3327
290.8		15.2562
290.9		15.1801
291		15.1044
291.1		15.0291
291.2		14.9541
291.3		14.8795
291.4		14.8053
291.5		14.7315
291.6		14.658
291.7		14.5849
291.8		14.5122
291.9		14.4398
292		14.3678
292.1		14.2961
292.2		14.2248
292.3		14.1539
292.4		14.0833
292.5		14.013
292.6		13.9431
292.7		13.8736
292.8		13.8044
292.9		13.7355
293		13.667
293.1		13.5989
293.2		13.531
293.3		13.4636
293.4		13.3964
293.5		13.3296
293.6		13.2631
293.7		13.197
293.8		13.1311
293.9		13.0657
294		13.0005
294.1		12.9356
294.2		12.8711
294.3		12.8069
294.4		12.7431
294.5		12.6795
294.6		12.6163
294.7		12.5533
294.8		12.4907
294.9		12.4284
295		12.3664
295.1		12.3048
295.2		12.2434
295.3		12.1823
295.4		12.1216
295.5		12.0611
295.6		12.001
295.7		11.9411
295.8		11.8816
295.9		11.8223
296		11.7633
296.1		11.7047
296.2		11.6463
296.3		11.5882
296.4		11.5304
296.5		11.4729
296.6		11.4157
296.7		11.3587
296.8		11.3021
296.9		11.2457
297		11.1896
297.1		11.1338
297.2		11.0783
297.3		11.023
297.4		10.9681
297.5		10.9134
297.6		10.8589
297.7		10.8048
297.8		10.7509
297.9		10.6973
298		10.6439
298.1		10.5908
298.2		10.538
298.3		10.4854
298.4		10.4331
298.5		10.3811
298.6		10.3293
298.7		10.2778
298.8		10.2265
298.9		10.1755
299		10.1248
299.1		10.0743
299.2		10.024
299.3		9.97405
299.4		9.92431
299.5		9.87481
299.6		9.82556
299.7		9.77655
299.8		9.72779
299.9		9.67927
300		9.631
300.1		9.58296
300.2		9.53517
300.3		9.48761
300.4		9.44029
300.5		9.39321
300.6		9.34636
300.7		9.29974
300.8		9.25336
300.9		9.20721
301		9.16129
301.1		9.1156
301.2		9.07013
301.3		9.0249
301.4		8.97988
301.5		8.9351
301.6		8.89053
301.7		8.84619
301.8		8.80207
301.9		8.75817
302		8.71449
302.1		8.67102
302.2		8.62778
302.3		8.58475
302.4		8.54193
302.5		8.49933
302.6		8.45694
302.7		8.41476
302.8		8.37279
302.9		8.33103
303		8.28948
303.1		8.24813
303.2		8.207
303.3		8.16606
303.4		8.12533
303.5		8.08481
303.6		8.04449
303.7		8.00436
303.8		7.96444
303.9		7.92472
304		7.88519
304.1		7.84587
304.2		7.80674
304.3		7.7678
304.4		7.72906
304.5		7.69051
304.6		7.65215
304.7		7.61399
304.8		7.57601
304.9		7.53823
305		7.50063
305.1		7.46322
305.2		7.426
305.3		7.38896
305.4		7.35211
305.5		7.31544
305.6		7.27895
305.7		7.24265
305.8		7.20653
305.9		7.17058
306		7.13482
306.1		7.09923
306.2		7.06383
306.3		7.0286
306.4		6.99354
306.5		6.95866
306.6		6.92395
306.7		6.88942
306.8		6.85506
306.9		6.82087
307		6.78685
307.1		6.753
307.2		6.71932
307.3		6.68581
307.4		6.65246
307.5		6.61928
307.6		6.58627
307.7		6.55342
307.8		6.52073
307.9		6.48821
308		6.45585
308.1		6.42365
308.2		6.39161
308.3		6.35974
308.4		6.32802
308.5		6.29646
308.6		6.26505
308.7		6.2338
308.8		6.20271
308.9		6.17178
309		6.141
309.1		6.11037
309.2		6.07989
309.3		6.04957
309.4		6.0194
309.5		5.98937
309.6		5.9595
309.7		5.92978
309.8		5.9002
309.9		5.87078
310		5.8415
310.1		5.81236
310.2		5.78337
310.3		5.75453
310.4		5.72583
310.5		5.69727
310.6		5.66885
310.7		5.64058
310.8		5.61245
310.9		5.58446
311		5.5566
311.1		5.52889
311.2		5.50131
311.3		5.47388
311.4		5.44657
311.5		5.41941
311.6		5.39238
311.7		5.36549
311.8		5.33873
311.9		5.3121
312		5.2856
312.1		5.25924
312.2		5.23301
312.3		5.20691
312.4		5.18094
312.5		5.1551
312.6		5.12939
312.7		5.10381
312.8		5.07835
312.9		5.05302
313		5.02782
313.1		5.00275
313.2		4.97779
313.3		4.95297
313.4		4.92826
313.5		4.90368
313.6		4.87923
313.7		4.85489
313.8		4.83068
313.9		4.80659
314		4.78261
314.1		4.75876
314.2		4.73502
314.3		4.71141
314.4		4.68791
314.5		4.66453
314.6		4.64126
314.7		4.61812
314.8		4.59508
314.9		4.57217
315		4.54936
315.1		4.52667
315.2		4.50409
315.3		4.48163
315.4		4.45928
315.5		4.43704
315.6		4.41491
315.7		4.39289
315.8		4.37098
315.9		4.34918
316		4.32749
316.1		4.3059
316.2		4.28443
316.3		4.26306
316.4		4.2418
316.5		4.22064
316.6		4.19959
316.7		4.17864
316.8		4.1578
316.9		4.13707
317		4.11643
317.1		4.0959
317.2		4.07547
317.3		4.05515
317.4		4.03492
317.5		4.0148
317.6		3.99477
317.7		3.97485
317.8		3.95502
317.9		3.9353
318		3.91567
318.1		3.89614
318.2		3.87671
318.3		3.85737
318.4		3.83814
318.5		3.81899
318.6		3.79995
318.7		3.78099
318.8		3.76214
318.9		3.74337
319		3.7247
319.1		3.70613
319.2		3.68764
319.3		3.66925
319.4		3.65095
319.5		3.63274
319.6		3.61462
319.7		3.59659
319.8		3.57865
319.9		3.56081
320		3.54305
320.1		3.52538
320.2		3.50779
320.3		3.4903
320.4		3.47289
320.5		3.45557
320.6		3.43833
320.7		3.42118
320.8		3.40412
320.9		3.38714
321		3.37025
321.1		3.35344
321.2		3.33672
321.3		3.32007
321.4		3.30351
321.5		3.28704
321.6		3.27064
321.7		3.25433
321.8		3.2381
321.9		3.22195
322		3.20588
322.1		3.18989
322.2		3.17398
322.3		3.15815
322.4		3.1424
322.5		3.12673
322.6		3.11113
322.7		3.09562
322.8		3.08018
322.9		3.06481
323		3.04953
323.1		3.03432
323.2		3.01918
323.3		3.00413
323.4		2.98914
323.5		2.97424
323.6		2.9594
323.7		2.94464
323.8		2.92995
323.9		2.91534
324		2.9008
324.1		2.88633
324.2		2.87194
324.3		2.85761
324.4		2.84336
324.5		2.82918
324.6		2.81507
324.7		2.80103
324.8		2.78706
324.9		2.77316
325		2.75933
325.1		2.74557
325.2		2.73187
325.3		2.71825
325.4		2.70469
325.5		2.6912
325.6		2.67778
325.7		2.66442
325.8		2.65113
325.9		17.6379
326		17.5499
326.1		17.4624
326.2		17.3753
326.3		17.2887
326.4		17.2024
326.5		17.1166
326.6		17.0313
326.7		16.9463
326.8		16.8618
326.9		16.7777
327		16.694
327.1		16.6108
327.2		16.5279
327.3		16.4455
327.4		16.3635
327.5		16.2818
327.6		16.2006
327.7		16.1198
327.8		16.0394
327.9		15.9594
328		15.8798
328.1		15.8006
328.2		15.7218
328.3		15.6434
328.4		15.5654
328.5		15.4878
328.6		15.4105
328.7		15.3337
328.8		15.2572
328.9		15.1811
329		15.1054
329.1		15.03
329.2		14.9551
329.3		14.8805
329.4		14.8063
329.5		14.7324
329.6		14.6589
329.7		14.5858
329.8		14.5131
329.9		14.4407
330		14.3687
330.1		14.297
330.2		14.2257
330.3		14.1548
330.4		14.0842
330.5		14.0139
330.6		13.944
330.7		13.8745
330.8		13.8053
330.9		13.7364
331		13.6679
331.1		13.5997
331.2		13.5319
331.3		13.4644
331.4		13.3973
331.5		13.3304
331.6		13.264
331.7		13.1978
331.8		13.132
331.9		13.0665
332		13.0013
332.1		12.9365
332.2		12.872
332.3		12.8078
332.4		12.7439
332.5		12.6803
332.6		12.6171
332.7		12.5541
332.8		12.4915
332.9		12.4292
333		12.3672
333.1		12.3056
333.2		12.2442
333.3		12.1831
333.4		12.1223
333.5		12.0619
333.6		12.0017
333.7		11.9419
333.8		11.8823
333.9		11.823
334		11.7641
334.1		11.7054
334.2		11.647
334.3		11.5889
334.4		11.5311
334.5		11.4736
334.6		11.4164
334.7		11.3595
334.8		11.3028
334.9		11.2464
335		11.1903
335.1		11.1345
335.2		11.079
335.3		11.0237
335.4		10.9688
335.5		10.914
335.6		10.8596
335.7		10.8054
335.8		10.7516
335.9		10.6979
336		10.6446
336.1		10.5915
336.2		10.5387
336.3		10.4861
336.4		10.4338
336.5		10.3818
336.6		10.33
336.7		10.2785
336.8		10.2272
336.9		10.1762
337		10.1254
337.1		10.0749
337.2		10.0247
337.3		9.97469
337.4		9.92494
337.5		9.87544
337.6		9.82618
337.7		9.77717
337.8		9.72841
337.9		9.67989
338		9.63161
338.1		9.58357
338.2		9.53578
338.3		9.48822
338.4		9.44089
338.5		9.39381
338.6		9.34695
338.7		9.30034
338.8		9.25395
338.9		9.2078
339		9.16187
339.1		9.11618
339.2		9.07071
339.3		9.02547
339.4		8.98046
339.5		8.93566
339.6		8.8911
339.7		8.84675
339.8		8.80263
339.9		8.75873
340		8.71504
340.1		8.67158
340.2		8.62833
340.3		8.58529
340.4		8.54247
340.5		8.49987
340.6		8.45747
340.7		8.41529
340.8		8.37332
340.9		8.33156
341		8.29
341.1		8.24866
341.2		8.20752
341.3		8.16658
341.4		8.12585
341.5		8.08532
341.6		8.045
341.7		8.00487
341.8		7.96495
341.9		7.92522
342		7.8857
342.1		7.84637
342.2		7.80723
342.3		7.76829
342.4		7.72955
342.5		7.691
342.6		7.65264
342.7		7.61447
342.8		7.57649
342.9		7.53871
343		7.50111
343.1		7.46369
343.2		7.42647
343.3		7.38943
343.4		7.35257
343.5		7.3159
343.6		7.27942
343.7		7.24311
343.8		7.20698
343.9		7.17104
344		7.13527
344.1		7.09969
344.2		7.06428
344.3		7.02904
344.4		6.99399
344.5		6.9591
344.6		6.92439
344.7		6.88986
344.8		6.8555
344.9		6.8213
345		6.78728
345.1		6.75343
345.2		6.71975
345.3		6.68623
345.4		6.65288
345.5		6.6197
345.6		6.58669
345.7		6.55384
345.8		6.52115
345.9		6.48862
346		6.45626
346.1		6.42406
346.2		6.39202
346.3		6.36014
346.4		6.32842
346.5		6.29686
346.6		6.26545
346.7		6.2342
346.8		6.20311
346.9		6.17217
347		6.14139
347.1		6.11076
347.2		6.08028
347.3		6.04995
347.4		6.01978
347.5		5.98976
347.6		5.95988
347.7		5.93016
347.8		5.90058
347.9		5.87115
348		5.84187
348.1		5.81273
348.2		5.78374
348.3		5.75489
348.4		5.72619
348.5		5.69763
348.6		5.66921
348.7		5.64094
348.8		5.6128
348.9		5.58481
349		5.55696
349.1		5.52924
349.2		5.50166
349.3		5.47422
349.4		5.44692
349.5		5.41975
349.6		5.39272
349.7		5.36583
349.8		5.33907
349.9		5.31244
350		5.28594
350.1		5.25958
350.2		5.23334
350.3		5.20724
350.4		5.18127
350.5		5.15543
350.6		5.12972
350.7		5.10413
350.8		5.07868
350.9		5.05335
351		5.02814
351.1		5.00306
351.2		4.97811
351.3		4.95328
351.4		4.92858
351.5		4.904
351.6		4.87954
351.7		4.8552
351.8		4.83099
351.9		4.80689
352		4.78292
352.1		4.75906
352.2		4.73533
352.3		4.71171
352.4		4.68821
352.5		4.66483
352.6		4.64156
352.7		4.61841
352.8		4.59538
352.9		4.57246
353		4.54965
353.1		4.52696
353.2		4.50438
353.3		4.48192
353.4		4.45956
353.5		4.43732
353.6		4.41519
353.7		4.39317
353.8		4.37126
353.9		4.34946
354		4.32776
354.1		4.30618
354.2		4.2847
354.3		4.26333
354.4		4.24207
354.5		4.22091
354.6		4.19986
354.7		4.17891
354.8		4.15807
354.9		4.13733
355		4.11669
355.1		4.09616
355.2		4.07573
355.3		4.0554
355.4		4.03518
355.5		4.01505
355.6		3.99503
355.7		3.9751
355.8		3.95528
355.9		3.93555
356		3.91592
356.1		3.89639
356.2		3.87696
356.3		3.85762
356.4		3.83838
356.5		3.81924
356.6		3.80019
356.7		3.78123
356.8		3.76238
356.9		3.74361
357		3.72494
357.1		3.70636
357.2		3.68788
357.3		3.66948
357.4		3.65118
357.5		3.63297
357.6		3.61485
357.7		3.59682
357.8		3.57888
357.9		3.56103
358		3.54327
358.1		3.5256
358.2		3.50802
358.3		3.49052
358.4		3.47311
358.5		3.45579
358.6		3.43855
358.7		3.4214
358.8		3.40434
358.9		3.38736
359		3.37046
359.1		3.35365
359.2		3.33693
359.3		3.32028
359.4		3.30372
359.5		3.28725
359.6		3.27085
359.7		3.25454
359.8		3.23831
359.9		3.22216
360		3.20608
360.1		3.19009
360.2		3.17418
360.3		3.15835
360.4		3.1426
360.5		3.12693
360.6		3.11133
360.7		3.09581
360.8		3.08037
360.9		3.06501
361		3.04972
361.1		3.03451
361.2		3.01938
361.3		3.00432
361.4		2.98933
361.5		2.97442
361.6		2.95959
361.7		2.94483
361.8		2.93014
361.9		2.91553
362		2.90099
362.1		2.88652
362.2		2.87212
362.3		2.8578
362.4		2.84354
362.5		2.82936
362.6		2.81525
362.7		2.80121
362.8		2.78724
362.9		2.77333
363		2.7595
363.1		2.74574
363.2		2.73205
363.3		2.71842
363.4		2.70486
363.5		2.69137
363.6		2.67795
363.7		2.66459
363.8		2.6513
363.9		17.6381
364		17.5501
364.1		17.4626
364.2		17.3755
364.3		17.2888
364.4		17.2026
364.5		17.1168
364.6		17.0314
364.7		16.9465
364.8		16.862
364.9		16.7779
365		16.6942
365.1		16.6109
365.2		16.5281
365.3		16.4456
365.4		16.3636
365.5		16.282
365.6		16.2008
365.7		16.12
365.8		16.0396
365.9		15.9596
366		15.88
366.1		15.8008
366.2		15.722
366.3		15.6436
366.4		15.5655
366.5		15.4879
366.6		15.4107
366.7		15.3338
366.8		15.2573
366.9		15.1812
367		15.1055
367.1		15.0302
367.2		14.9552
367.3		14.8806
367.4		14.8064
367.5		14.7326
367.6		14.6591
367.7		14.586
367.8		14.5132
367.9		14.4408
368		14.3688
368.1		14.2971
368.2		14.2258
368.3		14.1549
368.4		14.0843
368.5		14.014
368.6		13.9442
368.7		13.8746
368.8		13.8054
368.9		13.7365
369		13.668
369.1		13.5999
369.2		13.532
369.3		13.4645
369.4		13.3974
369.5		13.3306
369.6		13.2641
369.7		13.1979
369.8		13.1321
369.9		13.0666
370		13.0014
370.1		12.9366
370.2		12.8721
370.3		12.8079
370.4		12.744
370.5		12.6804
370.6		12.6172
370.7		12.5543
370.8		12.4916
370.9		12.4293
371		12.3674
371.1		12.3057
371.2		12.2443
371.3		12.1832
371.4		12.1225
371.5		12.062
371.6		12.0018
371.7		11.942
371.8		11.8824
371.9		11.8232
372		11.7642
372.1		11.7055
372.2		11.6471
372.3		11.589
372.4		11.5312
372.5		11.4737
372.6		11.4165
372.7		11.3596
372.8		11.3029
372.9		11.2465
373		11.1904
373.1		11.1346
373.2		11.0791
373.3		11.0238
373.4		10.9689
373.5		10.9141
373.6		10.8597
373.7		10.8056
373.8		10.7517
373.9		10.698
374		10.6447
374.1		10.5916
374.2		10.5388
374.3		10.4862
374.4		10.4339
374.5		10.3819
374.6		10.3301
374.7		10.2786
374.8		10.2273
374.9		10.1763
375		10.1255
375.1		10.075
375.2		10.0248
375.3		9.97478
375.4		9.92503
375.5		9.87553
375.6		9.82628
375.7		9.77727
375.8		9.7285
375.9		9.67998
376		9.6317
376.1		9.58366
376.2		9.53587
376.3		9.48831
376.4		9.44098
376.5		9.3939
376.6		9.34704
376.7		9.30042
376.8		9.25404
376.9		9.20788
377		9.16196
377.1		9.11626
377.2		9.0708
377.3		9.02556
377.4		8.98054
377.5		8.93575
377.6		8.89118
377.7		8.84684
377.8		8.80271
377.9		8.75881
378		8.71513
378.1		8.67166
378.2		8.62841
378.3		8.58537
378.4		8.54255
378.5		8.49995
378.6		8.45755
378.7		8.41537
378.8		8.3734
378.9		8.33164
379		8.29008
379.1		8.24874
379.2		8.2076
379.3		8.16666
379.4		8.12593
379.5		8.0854
379.6		8.04507
379.7		8.00495
379.8		7.96502
379.9		7.9253
380		7.88577
380.1		7.84644
380.2		7.80731
380.3		7.76837
380.4		7.72962
380.5		7.69107
380.6		7.65271
380.7		7.61454
380.8		7.57657
380.9		7.53878
381		7.50118
381.1		7.46377
381.2		7.42654
381.3		7.3895
381.4		7.35264
381.5		7.31597
381.6		7.27948
381.7		7.24318
381.8		7.20705
381.9		7.17111
382		7.13534
382.1		7.09975
382.2		7.06434
382.3		7.02911
382.4		6.99405
382.5		6.95917
382.6		6.92446
382.7		6.88992
382.8		6.85556
382.9		6.82137
383		6.78735
383.1		6.75349
383.2		6.71981
383.3		6.6863
383.4		6.65295
383.5		6.61977
383.6		6.58675
383.7		6.5539
383.8		6.52121
383.9		6.48869
384		6.45632
384.1		6.42412
384.2		6.39208
384.3		6.3602
384.4		6.32848
384.5		6.29692
384.6		6.26551
384.7		6.23426
384.8		6.20317
384.9		6.17223
385		6.14145
385.1		6.11081
385.2		6.08034
385.3		6.05001
385.4		6.01984
385.5		5.98981
385.6		5.95994
385.7		5.93021
385.8		5.90064
385.9		5.87121
386		5.84192
386.1		5.81279
386.2		5.7838
386.3		5.75495
386.4		5.72625
386.5		5.69769
386.6		5.66927
386.7		5.64099
386.8		5.61286
386.9		5.58486
387		5.55701
387.1		5.52929
387.2		5.50172
387.3		5.47428
387.4		5.44697
387.5		5.41981
387.6		5.39277
387.7		5.36588
387.8		5.33912
387.9		5.31249
388		5.28599
388.1		5.25963
388.2		5.23339
388.3		5.20729
388.4		5.18132
388.5		5.15548
388.6		5.12977
388.7		5.10418
388.8		5.07872
388.9		5.05339
389		5.02819
389.1		5.00311
389.2		4.97816
389.3		4.95333
389.4		4.92863
389.5		4.90404
389.6		4.87958
389.7		4.85525
389.8		4.83103
389.9		4.80694
390		4.78296
390.1		4.75911
390.2		4.73537
390.3		4.71175
390.4		4.68825
390.5		4.66487
390.6		4.6416
390.7		4.61845
390.8		4.59542
390.9		4.5725
391		4.54969
391.1		4.527
391.2		4.50442
391.3		4.48196
391.4		4.4596
391.5		4.43736
391.6		4.41523
391.7		4.39321
391.8		4.3713
391.9		4.3495
392		4.3278
392.1		4.30622
392.2		4.28474
392.3		4.26337
392.4		4.24211
392.5		4.22095
392.6		4.1999
392.7		4.17895
392.8		4.15811
392.9		4.13737
393		4.11673
393.1		4.0962
393.2		4.07577
393.3		4.05544
393.4		4.03522
393.5		4.01509
393.6		3.99507
393.7		3.97514
393.8		3.95531
393.9		3.93559
394		3.91596
394.1		3.89643
394.2		3.87699
394.3		3.85766
394.4		3.83842
394.5		3.81927
394.6		3.80022
394.7		3.78127
394.8		3.76241
394.9		3.74365
395		3.72497
395.1		3.7064
395.2		3.68791
395.3		3.66952
395.4		3.65122
395.5		3.633
395.6		3.61489
395.7		3.59686
395.8		3.57892
395.9		3.56107
396		3.54331
396.1		3.52563
396.2		3.50805
396.3		3.49055
396.4		3.47314
396.5		3.45582
396.6		3.43859
396.7		3.42144
396.8		3.40437
396.9		3.38739
397		3.3705
397.1		3.35369
397.2		3.33696
397.3		3.32032
397.4		3.30376
397.5		3.28728
397.6		3.27088
397.7		3.25457
397.8		3.23834
397.9		3.22219
398		3.20612
398.1		3.19012
398.2		3.17421
398.3		3.15838
398.4		3.14263
398.5		3.12696
398.6		3.11136
398.7		3.09584
398.8		3.0804
398.9		3.06504
399		3.04975
399.1		3.03454
399.2		3.01941
399.3		3.00435
399.4		2.98936
399.5		2.97445
399.6		2.95962
399.7		2.94486
399.8		2.93017
399.9		2.91555
400		2.90101
400.1		2.88654
400.2		2.87215
400.3		2.85782
400.4		2.84357
400.5		2.82939
400.6		2.81528
400.7		2.80123
400.8		2.78726
400.9		2.77336
401		2.75953
401.1		2.74577
401.2		2.73207
401.3		2.71845
401.4		2.70489
401.5		2.6914
401.6		2.67797
401.7		2.66462
401.8		2.65133
401.9		2.6381
402		2.62495
402.1		2.61185
402.2		2.59883
402.3		2.58587
402.4		2.57297
402.5		2.56014
402.6		2.54737
402.7		2.53466
402.8		2.52202
402.9		2.50944
403		2.49693
403.1		2.48447
403.2		2.47208
403.3		2.45975
403.4		2.44748
403.5		2.43528
403.6		2.42313
403.7		2.41104
403.8		2.39902
403.9		2.38705
404		2.37515
404.1		2.3633
404.2		2.35152
404.3		2.33979
404.4		2.32812
404.5		2.31651
404.6		2.30495
404.7		2.29346
404.8		2.28202
404.9		2.27064
405		2.25931
405.1		2.24804
405.2		2.23683
405.3		2.22567
405.4		2.21457
405.5		2.20353
405.6		2.19254
405.7		2.1816
405.8		2.17072
405.9		2.1599
406		2.14912
406.1		2.1384
406.2		2.12774
406.3		2.11713
406.4		2.10657
406.5		2.09606
406.6		2.08561
406.7		2.07521
406.8		2.06486
406.9		2.05456
407		2.04431
407.1		2.03411
407.2		2.02397
407.3		2.01387
407.4		2.00383
407.5		1.99384
407.6		1.98389
407.7		1.974
407.8		1.96415
407.9		1.95435
408		1.94461
408.1		1.93491
408.2		1.92526
408.3		1.91566
408.4		1.9061
408.5		1.89659
408.6		1.88714
408.7		1.87772
408.8		1.86836
408.9		1.85904
409		1.84977
409.1		1.84054
409.2		1.83136
409.3		1.82223
409.4		1.81314
409.5		1.8041
409.6		1.7951
409.7		1.78615
409.8		1.77724
409.9		1.76837
410		1.75955
410.1		1.75078
410.2		1.74205
410.3		1.73336
410.4		1.72471
410.5		1.71611
410.6		1.70755
410.7		1.69903
410.8		1.69056
410.9		1.68213
411		1.67374
411.1		1.66539
411.2		1.65709
411.3		1.64882
411.4		1.6406
411.5		1.63241
411.6		1.62427
411.7		1.61617
411.8		1.60811
411.9		1.60009
412		1.59211
412.1		1.58417
412.2		1.57627
412.3		1.56841
412.4		1.56058
412.5		1.5528
412.6		1.54506
412.7		1.53735
412.8		1.52968
412.9		1.52205
413		1.51446
413.1		1.50691
413.2		1.49939
413.3		1.49191
413.4		1.48447
413.5		1.47707
413.6		1.4697
413.7		1.46237
413.8		1.45508
413.9		1.44782
414		1.4406
414.1		1.43342
414.2		1.42627
414.3		1.41915
414.4		1.41207
414.5		1.40503
414.6		1.39802
414.7		1.39105
414.8		1.38411
414.9		1.37721
415		1.37034
415.1		1.36351
415.2		1.35671
415.3		1.34994
415.4		1.34321
415.5		1.33651
415.6		1.32984
415.7		1.32321
415.8		1.31661
415.9		1.31004
416		1.30351
416.1		1.29701
416.2		1.29054
416.3		1.2841
416.4		1.2777
416.5		1.27133
416.6		1.26498
416.7		1.25868
416.8		1.2524
416.9		1.24615
417		1.23994
417.1		1.23375
417.2		1.2276
417.3		1.22148
417.4		1.21538
417.5		1.20932
417.6		1.20329
417.7		1.19729
417.8		1.19132
417.9		1.18538
418		1.17946
418.1		1.17358
418.2		1.16773
418.3		1.1619
418.4		1.15611
418.5		1.15034
418.6		1.14461
418.7		1.1389
418.8		1.13322
418.9		1.12756
419		1.12194
419.1		1.11635
419.2		1.11078
419.3		1.10524
419.4		1.09972
419.5		1.09424
419.6		1.08878
419.7		1.08335
419.8		1.07795
419.9		1.07257
420		1.06722
420.1		1.0619
420.2		1.0566
420.3		1.05133
420.4		1.04609
420.5		1.04087
420.6		1.03568
420.7		1.03052
420.8		1.02538
420.9		1.02026
421		1.01517
421.1		1.01011
421.2		1.00507
421.3		1.00006
421.4		0.995072
421.5		0.990109
421.6		0.985171
421.7		0.980258
421.8		0.975369
421.9		0.970504
422		0.965663
422.1		0.960847
422.2		0.956055
422.3		0.951287
422.4		0.946542
422.5		0.941821
422.6		0.937124
422.7		0.93245
422.8		0.927799
422.9		0.923172
423		0.918567
423.1		0.913986
423.2		0.909428
423.3		0.904892
423.4		0.900379
423.5		0.895888
423.6		0.89142
423.7		0.886974
423.8		0.88255
423.9		0.878148
424		0.873768
424.1		0.86941
424.2		0.865074
424.3		0.86076
424.4		0.856467
424.5		0.852195
424.6		0.847945
424.7		0.843716
424.8		0.839507
424.9		0.83532
425		0.831154
425.1		0.827009
425.2		0.822884
425.3		0.81878
425.4		0.814696
425.5		0.810633
425.6		0.80659
425.7		0.802567
425.8		0.798564
425.9		0.794581
426		0.790618
426.1		0.786675
426.2		0.782752
426.3		0.778848
426.4		0.774963
426.5		0.771098
426.6		0.767252
426.7		0.763425
426.8		0.759618
426.9		0.755829
427		0.752059
427.1		0.748309
427.2		0.744576
427.3		0.740863
427.4		0.737168
427.5		0.733491
427.6		0.729833
427.7		0.726193
427.8		0.722571
427.9		0.718967
428		0.715381
428.1		0.711813
428.2		0.708263
428.3		0.70473
428.4		0.701216
428.5		0.697718
428.6		0.694238
428.7		0.690776
428.8		0.687331
428.9		0.683902
429		0.680492
429.1		0.677098
429.2		0.673721
429.3		0.67036
429.4		0.667017
429.5		0.66369
429.6		0.66038
429.7		0.657086
429.8		0.653809
429.9		0.650548
430		0.647304
430.1		0.644075
430.2		0.640863
430.3		0.637666
430.4		0.634486
430.5		0.631322
430.6		0.628173
430.7		0.62504
430.8		0.621922
430.9		0.618821
431		0.615734
431.1		0.612663
431.2		0.609608
431.3		0.606567
431.4		0.603542
431.5		0.600532
431.6		0.597536
431.7		0.594556
431.8		0.591591
431.9		0.58864
432		0.585704
432.1		0.582783
432.2		0.579877
432.3		0.576984
432.4		0.574107
432.5		0.571243
432.6		0.568394
432.7		0.565559
432.8		0.562739
432.9		0.559932
433		0.557139
433.1		0.554361
433.2		0.551596
433.3		0.548845
433.4		0.546107
433.5		0.543384
433.6		0.540673
433.7		0.537977
433.8		0.535294
433.9		0.532624
434		0.529967
434.1		0.527324
434.2		0.524694
434.3		0.522077
434.4		0.519473
434.5		0.516882
434.6		0.514304
434.7		0.511739
434.8		0.509187
434.9		0.506647
435		0.504121
435.1		0.501606
435.2		0.499104
435.3		0.496615
435.4		0.494138
435.5		0.491674
435.6		0.489222
435.7		0.486781
435.8		0.484354
435.9		0.481938
436		0.479534
436.1		0.477143
436.2		0.474763
436.3		0.472395
436.4		0.470039
436.5		0.467695
436.6		0.465362
436.7		0.463041
436.8		0.460731
436.9		0.458434
437		0.456147
437.1		0.453872
437.2		0.451608
437.3		0.449356
437.4		0.447115
437.5		0.444885
437.6		0.442666
437.7		0.440458
437.8		0.438261
437.9		0.436075
438		0.433901
438.1		0.431736
438.2		0.429583
438.3		0.427441
438.4		0.425309
438.5		0.423188
438.6		0.421077
438.7		0.418977
438.8		0.416887
438.9		0.414808
439		0.412739
439.1		0.41068
439.2		0.408632
439.3		0.406594
439.4		0.404566
439.5		0.402548
439.6		0.400541
439.7		0.398543
439.8		0.396555
439.9		0.394577
440		0.392609
440.1		0.390651
440.2		0.388703
440.3		0.386764
440.4		0.384835
440.5		0.382916
440.6		0.381006
440.7		0.379106
440.8		0.377215
440.9		0.375334
441		0.373462
441.1		0.371599
441.2		0.369746
441.3		0.367902
441.4		0.366067
441.5		0.364241
441.6		0.362424
441.7		0.360617
441.8		0.358818
441.9		0.357028
442		0.355248
442.1		0.353476
442.2		0.351713
442.3		0.349959
442.4		0.348213
442.5		0.346477
442.6		0.344749
442.7		0.343029
442.8		0.341318
442.9		0.339616
443		0.337922
443.1		0.336237
443.2		0.33456
443.3		0.332891
443.4		0.331231
443.5		0.329579
443.6		0.327935
443.7		0.326299
443.8		0.324672
443.9		0.323053
444		0.321441
444.1		0.319838
444.2		0.318243
444.3		0.316656
444.4		0.315076
444.5		0.313505
444.6		0.311941
444.7		0.310386
444.8		0.308838
444.9		0.307297
445		0.305765
445.1		0.30424
445.2		0.302722
445.3		0.301212
445.4		0.29971
445.5		0.298215
445.6		0.296728
445.7		0.295248
445.8		0.293775
445.9		0.29231
446		0.290852
446.1		0.289402
446.2		0.287958
446.3		0.286522
446.4		0.285093
446.5		0.283671
446.6		0.282256
446.7		0.280848
446.8		0.279448
446.9		0.278054
447		0.276667
447.1		0.275287
447.2		0.273914
447.3		0.272548
447.4		0.271189
447.5		0.269836
447.6		0.26849
447.7		0.267151
447.8		0.265819
447.9		0.264493
448		0.263174
448.1		0.261861
448.2		0.260555
448.3		0.259256
448.4		0.257963
448.5		0.256676
448.6		0.255396
448.7		0.254122
448.8		0.252855
448.9		0.251594
449		0.250339
449.1		0.24909
449.2		0.247848
449.3		0.246612
449.4		0.245382
449.5		0.244158
449.6		0.24294
449.7		0.241729
449.8		0.240523
449.9		0.239323
450		0.23813
450.1		0.236942
450.2		0.23576
450.3		0.234584
450.4		0.233414
450.5		0.23225
450.6		0.231092
450.7		0.229939
450.8		0.228792
450.9		0.227651
451		0.226516
451.1		0.225386
451.2		0.224262
451.3		0.223144
451.4		0.222031
451.5		0.220923
451.6		0.219821
451.7		0.218725
451.8		0.217634
451.9		0.216549
452		0.215469
452.1		0.214394
452.2		0.213325
452.3		0.212261
452.4		0.211202
452.5		0.210149
452.6		0.209101
452.7		0.208058
452.8		0.20702
452.9		0.205987
453		0.20496
453.1		0.203938
453.2		0.202921
453.3		0.201909
453.4		0.200902
453.5		0.1999
453.6		0.198903
453.7		0.197911
453.8		0.196924
453.9		0.195941
454		0.194964
454.1		0.193992
454.2		0.193024
454.3		0.192061
454.4		0.191104
454.5		0.19015
454.6		0.189202
454.7		0.188258
454.8		0.187319
454.9		0.186385
455		0.185456
455.1		0.184531
455.2		0.18361
455.3		0.182694
455.4		0.181783
455.5		0.180877
455.6		0.179975
455.7		0.179077
455.8		0.178184
455.9		0.177295
456		0.176411
456.1		0.175531
456.2		0.174655
456.3		0.173784
456.4		0.172918
456.5		0.172055
456.6		0.171197
456.7		0.170343
456.8		0.169494
456.9		0.168648
457		0.167807
457.1		0.16697
457.2		0.166137
457.3		0.165309
457.4		0.164484
457.5		0.163664
457.6		0.162848
457.7		0.162035
457.8		0.161227
457.9		0.160423
458		0.159623
458.1		0.158827
458.2		0.158035
458.3		0.157247
458.4		0.156462
458.5		0.155682
458.6		0.154906
458.7		0.154133
458.8		0.153364
458.9		0.152599
459		0.151838
459.1		0.151081
459.2		0.150327
459.3		0.149578
459.4		0.148832
459.5		0.148089
459.6		0.147351
459.7		0.146616
459.8		0.145885
459.9		0.145157
460		0.144433
460.1		0.143713
460.2		0.142996
460.3		0.142283
460.4		0.141573
460.5		0.140867
460.6		0.140164
460.7		0.139465
460.8		0.13877
460.9		0.138078
461		0.137389
461.1		0.136704
461.2		0.136022
461.3		0.135343
461.4		0.134668
461.5		0.133997
461.6		0.133328
461.7		0.132663
461.8		0.132002
461.9		0.131343
462		0.130688
462.1		0.130037
462.2		0.129388
462.3		0.128743
462.4		0.128101
462.5		0.127462
462.6		0.126826
462.7		0.126193
462.8		0.125564
462.9		0.124938
463		0.124315
463.1		0.123695
463.2		0.123078
463.3		0.122464
463.4		0.121853
463.5		0.121245
463.6		0.120641
463.7		0.120039
463.8		0.11944
463.9		0.118844
464		0.118252
464.1		0.117662
464.2		0.117075
464.3		0.116491
464.4		0.11591
464.5		0.115332
464.6		0.114757
464.7		0.114184
464.8		0.113615
464.9		0.113048
465		0.112484
465.1		0.111923
465.2		0.111365
465.3		0.11081
465.4		0.110257
465.5		0.109707
465.6		0.10916
465.7		0.108616
465.8		0.108074
465.9		0.107535
466		0.106999
466.1		0.106465
466.2		0.105934
466.3		0.105406
466.4		0.10488
466.5		0.104357
466.6		0.103836
466.7		0.103318
466.8		0.102803
466.9		0.10229
467		0.10178
467.1		0.101273
467.2		0.100767
467.3		0.100265
467.4		0.0997648
467.5		0.0992672
467.6		0.0987721
467.7		0.0982795
467.8		0.0977893
467.9		0.0973016
468		0.0968163
468.1		0.0963334
468.2		0.095853
468.3		0.0953749
468.4		0.0948992
468.5		0.0944259
468.6		0.0939549
468.7		0.0934863
468.8		0.0930201
468.9		0.0925561
469		0.0920945
469.1		0.0916352
469.2		0.0911782
469.3		0.0907234
469.4		0.0902709
469.5		0.0898207
469.6		0.0893727
469.7		0.088927
469.8		0.0884834
469.9		0.0880421
470		0.087603
470.1		0.0871661
470.2		0.0867313
470.3		0.0862988
470.4		0.0858684
470.5		0.0854401
470.6		0.0850139
470.7		0.0845899
470.8		0.084168
470.9		0.0837483
471		0.0833306
471.1		0.0829149
471.2		0.0825014
471.3		0.0820899
471.4		0.0816805
471.5		0.0812731
471.6		0.0808678
471.7		0.0804644
471.8		0.0800631
471.9		0.0796638
472		0.0792665
472.1		0.0788711
472.2		0.0784778
472.3		0.0780864
472.4		0.0776969
472.5		0.0773094
472.6		0.0769238
472.7		0.0765401
472.8		0.0761584
472.9		0.0757786
473		0.0754006
473.1		0.0750245
473.2		0.0746504
473.3		0.074278
473.4		0.0739076
473.5		0.073539
473.6		0.0731722
473.7		0.0728072
473.8		0.0724441
473.9		0.0720828
474		0.0717233
474.1		0.0713656
474.2		0.0710096
474.3		0.0706555
474.4		0.0703031
474.5		0.0699524
474.6		0.0696035
474.7		0.0692564
474.8		0.068911
474.9		0.0685673
475		0.0682253
475.1		0.067885
475.2		0.0675464
475.3		0.0672096
475.4		0.0668743
475.5		0.0665408
475.6		0.0662089
475.7		0.0658787
475.8		0.0655501
475.9		0.0652232
476		0.0648979
476.1		0.0645742
476.2		0.0642522
476.3		0.0639317
476.4		0.0636128
476.5		0.0632956
476.6		0.0629799
476.7		0.0626658
476.8		0.0623532
476.9		0.0620422
477		0.0617328
477.1		0.0614249
477.2		0.0611185
477.3		0.0608137
477.4		0.0605104
477.5		0.0602086
477.6		0.0599083
477.7		0.0596095
477.8		0.0593122
477.9		0.0590164
478		0.0587221
478.1		0.0584292
478.2		0.0581378
478.3		0.0578478
478.4		0.0575593
478.5		0.0572722
478.6		0.0569866
478.7		0.0567023
478.8		0.0564195
478.9		0.0561381
479		0.0558581
479.1		0.0555796
479.2		0.0553023
479.3		0.0550265
479.4		0.0547521
479.5		0.054479
479.6		0.0542073
479.7		0.0539369
479.8		0.0536679
479.9		0.0534002
480		0.0531339
480.1		0.0528689
480.2		0.0526052
480.3		0.0523429
480.4		0.0520818
480.5		0.051822
480.6		0.0515636
480.7		0.0513064
480.8		0.0510505
480.9		0.0507959
481		0.0505425
481.1		0.0502905
481.2		0.0500396
481.3		0.0497901
481.4		0.0495417
481.5		0.0492946
481.6		0.0490488
481.7		0.0488042
481.8		0.0485607
481.9		0.0483185
482		0.0480776
482.1		0.0478378
482.2		0.0475992
482.3		0.0473618
482.4		0.0471256
482.5		0.0468905
482.6		0.0466566
482.7		0.0464239
482.8		0.0461924
482.9		0.045962
483		0.0457328
483.1		0.0455047
483.2		0.0452777
483.3		0.0450519
483.4		0.0448272
483.5		0.0446036
483.6		0.0443812
483.7		0.0441598
483.8		0.0439396
483.9		0.0437204
484		0.0435024
484.1		0.0432854
484.2		0.0430695
484.3		0.0428547
484.4		0.042641
484.5		0.0424283
484.6		0.0422167
484.7		0.0420061
484.8		0.0417966
484.9		0.0415882
485		0.0413807
485.1		0.0411743
485.2		0.040969
485.3		0.0407647
485.4		0.0405613
485.5		0.040359
485.6		0.0401577
485.7		0.0399575
485.8		0.0397582
485.9		0.0395599
486		0.0393626
486.1		0.0391662
486.2		0.0389709
486.3		0.0387765
486.4		0.0385831
486.5		0.0383907
486.6		0.0381992
486.7		0.0380087
486.8		0.0378191
486.9		0.0376305
487		0.0374428
487.1		0.0372561
487.2		0.0370703
487.3		0.0368854
487.4		0.0367014
487.5		0.0365184
487.6		0.0363362
487.7		0.036155
487.8		0.0359747
487.9		0.0357953
488		0.0356167
488.1		0.0354391
488.2		0.0352623
488.3		0.0350865
488.4		0.0349115
488.5		0.0347373
488.6		0.0345641
488.7		0.0343917
488.8		0.0342202
488.9		0.0340495
489		0.0338797
489.1		0.0337107
489.2		0.0335426
489.3		0.0333753
489.4		0.0332088
489.5		0.0330432
489.6		0.0328784
489.7		0.0327144
489.8		0.0325512
489.9		0.0323889
490		0.0322273
490.1		0.0320666
490.2		0.0319067
490.3		0.0317475
490.4		0.0315892
490.5		0.0314317
490.6		0.0312749
490.7		0.0311189
490.8		0.0309637
490.9		0.0308093
491		0.0306556
491.1		0.0305027
491.2		0.0303506
491.3		0.0301992
491.4		0.0300486
491.5		0.0298987
491.6		0.0297496
491.7		0.0296012
491.8		0.0294536
491.9		0.0293067
492		0.0291605
492.1		0.0290151
492.2		0.0288704
492.3		0.0287264
492.4		0.0285831
492.5		0.0284405
492.6		0.0282987
492.7		0.0281575
492.8		0.0280171
492.9		0.0278774
493		0.0277383
493.1		0.0276
493.2		0.0274623
493.3		0.0273254
493.4		0.0271891
493.5		0.0270535
493.6		0.0269185
493.7		0.0267843
493.8		0.0266507
493.9		0.0265178
494		0.0263855
494.1		0.0262539
494.2		0.026123
494.3		0.0259927
494.4		0.0258631
494.5		0.0257341
494.6		0.0256057
494.7		0.025478
494.8		0.0253509
494.9		0.0252245
495		0.0250987
495.1		0.0249735
495.2		0.0248489
495.3		0.024725
495.4		0.0246017
495.5		0.024479
495.6		0.0243569
495.7		0.0242354
495.8		0.0241145
495.9		0.0239943
496		0.0238746
496.1		0.0237555
496.2		0.023637
496.3		0.0235192
496.4		0.0234019
496.5		0.0232851
496.6		0.023169
496.7		0.0230534
496.8		0.0229385
496.9		0.0228241
497		0.0227102
497.1		0.022597
497.2		0.0224843
497.3		0.0223721
497.4		0.0222605
497.5		0.0221495
497.6		0.022039
497.7		0.0219291
497.8		0.0218197
497.9		0.0217109
498		0.0216026
498.1		0.0214949
498.2		0.0213877
498.3		0.021281
498.4		0.0211749
498.5		0.0210693
498.6		0.0209642
498.7		0.0208596
498.8		0.0207556
498.9		0.0206521
499		0.0205491
499.1		0.0204466
499.2		0.0203446
499.3		0.0202431
499.4		0.0201422
499.5		0.0200417
499.6		0.0199417
499.7		0.0198423
499.8		0.0197433
499.9		0.0196449
500		0.0195469
500.1		0.0194494
